8de4745a960e726e0c5bb9fd33bcae55382bb7c3,65,0.2284328077604108,0.0035143508886217047
00366ffaeb6fae2033bb7e93318b94842a6d94b9,270,41.077517220348064,0.1521389526679558
e4733c9ca6b02af8ef8a92e006ec851187ea30a6,2844,6.301072191240543,0.002215566874557153
6290be256137834b948e91c02939d4a919078587,924,2.8279031292526864,0.003060501222134942
a588725f6514e8e47b74e249c83e782670f63a67,258,1.3684967295876675,0.005304250889874681
f13fc91360321e35335f34d9ad426f5bb3818557,132,3.8941766406492277,0.029501338186736573
0e13740969bf4ee4ff35e0fd0a90c6119e524fd3,208,3.0011638949054262,0.014428672571660703
754cf0f25a2c3d11c589ebeac55898cccd2d1627,800,9.28169312713435,0.011602116408917937
45b12f104472be0b9087e8e2e776b6cc1bf5efe7,110,20.690897737364526,0.18809907033967752
9032f7f5c52b20945bf6cf6bf6b547d8ba30289c,2413,14.513208045564356,0.00601459098448585
695bf5651387af4fcfda2fdbb4fa2226d9cfc76d,384,1.2391727140411828,0.0032270122761489137
922f53e31873ed3651288d1fb93eaebae9716041,49,12.06655973850752,0.246256321194031
87ddb21d6b24a8ceeb72db8cbd7bccf8bb349b43,2,1.0,0.5
ae0984b6b117a9dd16fa7299d876a5829927dd76,1140,7.560248971269616,0.006631797343218962
cd7693fdceb12ba1bf4ec913e4ada1b90858e527,5916,17.33674643278241,0.00293048452210656
a6efc3776b6d9b218e90c1d39a8d806f7609b2cc,2025,126.91471481523006,0.06267393324208892
d8e593595731b94bf0764f276cce9dd11ef717bb,300,36.39840656574376,0.12132802188581254
f4f21106cbf8338b6946e6f3d86ff3aaf4015970,40,6.452547995284814,0.16131369988212035
53adf8702d5bdbaca56238feac2cf904db94e7b4,896,67.82305320575412,0.07569537188142202
3ebedb4a6283c4ba714a7059ea8b4b3ae57687a2,6,2.0,0.3333333333333333
9c69b1a1c7a5711c9bb53bc7d74ac5df060510fd,176,22.287989080307952,0.12663630159265882
975a312138c3490dc9db4e5c260784845e2904e9,196,29.851802035089186,0.15230511242392442
0da4c693d3e1aa3d5506089887ee013964cce0bf,1629,7.709837709807637,0.004732865383552877
de9607e69f6d85090afc6c92da4e1e29800bb80d,994,3.1366146335483323,0.003155547921074781
6fe4a1ebeb409009dc2a5ef97d594a9387de4201,74,1.0518437963540674,0.014214105356136047
a0599e53efbe289f70783abb4377e93cf9268fcb,21,1.0,0.047619047619047616
a7ed24b3e90d3a894ecd033cb9878e72d2c6f187,135,20.00013234672617,0.14814912849426792
7ee8f467fc1856afc5cc89db13df0bf7e98add6a,21,0.3678044810287945,0.01751449909660926
a4746d6e2389dd40feeb651e8ba51abd63c1f357,24,5.044009066857122,0.21016704445238008
6cf4b3ab8be48486ff3d779cd5ed46d0a7c32225,144,5.405082389899651,0.037535294374303134
baec2be64238dd8f4a9be43d3447a7b84fa88737,51,0.43563439444030705,0.00854185087137857
26557074565cfbb6b6d561cd9b8631c08341198f,54,2.4045032686970305,0.044527838309204266
5743f8bc969dfce0c1a0e3e346c8daa3c623c336,238,45.63038110485849,0.19172429035654828
2fb9a662aa3188d0e967a03f17c0cbfb084537e7,2145,19.767816502472368,0.009215765269217887
f500cc0eee0fe6d4fc5b22a8d391a7e2f8d751bd,1225,21.480010209337745,0.017534702211704282
230b78d33714b23824ebe074b5fab5f0f2014751,38,5.414906067537526,0.1424975280930928
471c332001e995646a61de52097e8a39ecaa2659,500,0.4348797503768378,8.697595007536756E-4
4521f03e15e880688a96a11c901577c262f4a09d,1444,98.70457282225911,0.06835496732843428
009e307dba63236b2a7a952e8a27bb8c32ec1b64,700,10.494725678537009,0.01499246525505287
e90422fea1fd085282b34dfebdd938d7eb1fc429,3,1.0,0.3333333333333333
745f36832d885807ee89f848d73c695cac0b657c,66,0.6977216840079749,0.010571540666787498
a4bba782e9ef1633d0e1fc5fe13968b81d0acc2e,40,6.836727882816211,0.1709181970704053
717726baddf7216c833065dd60867d5a8312447a,28896,87.01845516803546,0.0030114360177199424
e51804b77fc58de1182222c06d931f14ccf48d6c,2142,10.077272244889631,0.004704608891171629
df7517007d5d922ea38e318f38e31ad147539034,1771,82.96932639879287,0.04684885736803663
acf0bbbc987bf843c6d6747725678fda922d7b15,1452,19.712751682568015,0.013576275263476595
734704676d5bd121992fc47c9cee83aa8f9c8fcd,924,1.8739363099365258,0.0020280695994984044
de603127130915f84863cac63e60ea037572f836,116,0.7611573648829082,0.006561701421404381
166a486bc8805f341f8b9d27889697ecdd9d85fc,506,6.223837610293127,0.012300074328642543
70c0bb2c3ce0f96e7e019e5f7f32630ebfbb7834,63,14.7897985849909,0.23475870769826826
fe9eaef2a3cd41182aa2e78470d7ed846e73f823,60,15.479639521268137,0.2579939920211356
07860f72b6afd0112edd3bb02505a2cfc241c005,384,5.871711028453529,0.01529091413659773
bae9ffccf678420e15875b650e37db0568c12139,165,5.384087766399543,0.03263083494787602
b565cea83514099d89d659e9fb85ee4bfce9e0b5,78,8.401077361650303,0.10770612002115773
b2f6fe8e01a3d9861b824d3a0d39e17c667a7b7e,300,36.39840656574378,0.12132802188581258
d0a0aaf073c28dc26a33e73b360267ef17c219c3,22230,128.39517927218333,0.005775761550705503
ab6e34965a6bd8b92cd1b29e8327d28ba56f7d46,105,1.7699733204606045,0.01685688876629147
961282db9d3a4f8196d79094f9b56b52bf944cff,208,17.64783897158512,0.08484537967108231
a98ed1640638b180563194e8ca5c21064c82d8eb,99,1.57663543923059,0.015925610497278687
74b1e3264c5d76793a98b639379167c648083c30,154,24.385552826894884,0.15834774562918755
41eb015f4c8fce72ebd824c7b5a8b9c1c0abae98,300,20.56501740114846,0.0685500580038282
ae2cdb6069664810c7bfc049d250f4ad391164ec,135,21.049988073553887,0.15592583758188064
4985b097de34584b2622911336e9191508225321,9,1.0,0.1111111111111111
854e5dd849bd7687a1afc29fd1c15057d3064649,774,12.446151345067793,0.016080298895436426
cd00e89d5e5fa0207b29b3585b6706cbf7b1eb14,30,8.005627322891808,0.2668542440963936
1e4b7a0f79b5d436392b85a3b502ad49c65ba1fe,150,0.8794339824228259,0.005862893216152173
c17fb14e3d59cbf780ee6ae32488de233f3fae1d,1025,10.243166302285507,0.00999333297783952
e7da721ffe832240e27d680c97acb0a23ff774f7,171,16.69658862232642,0.09764086913641182
5c92e2b98939d18fbc2ea78d0a7bdcb54e35cdb5,275,0.6082325905454897,0.0022117548747108717
f3c0f3d749f6e5f2db3bb92bb75f7e3dc26e0ccc,486,3.053358320363601,0.006282630288813994
d0fe2f203cd631657dbc47c8681122b63e373fe4,600,58.44702444514632,0.0974117074085772
8abfc181f96c0dd598ef886217830e93e0b713a4,9,1.0,0.1111111111111111
85ca61fc0ae4246239bce69748423629d5210f4d,28,4.750298032845116,0.16965350117303984
b6844d9752f1dafe60b1eacd437d9298d0d5c3e5,450,4.3302173754026905,0.009622705278672646
aa15a0b3c0d6cea4ace49f859f8fbb051270bccc,121,25.485831409720063,0.21062670586545507
94e466466d0365e943215bd15acb4ea376dd68ee,2145,93.69525557145245,0.04368077182818296
1806ab31107a6f860f501dce7ab76ea5b307ebc0,462,56.83060346489432,0.12300996420972796
ea8a417efcb4076da1e65db1109c9c0d9a6664cc,27,3.8451988722544708,0.14241477304646188
3fa3d64ac43c51fb5671646344155874e8ee1801,356,0.2693460077693476,7.565899094644595E-4
e2ab04896a35b05f51a21cc7151114dc08b68faa,35,7.539312078295029,0.2154089165227151
b6223409788a11ceb42a4419e9f58ab29d80aa77,638,69.97945190956413,0.10968566130025727
1ed56e6bcf72c6e056ed6d2be5d5f0e2270f74bb,528,41.687360065410175,0.07895333345721624
94635605a0ab55f1ba42ccc96c0e4200d59b2e22,12,3.361482736182505,0.28012356134854205
74b3659784b31b055fa87e43b2561181a9b4a923,420,40.8023899779464,0.09714854756653904
6df0ca991c977ce901f2df0ae9a4438c32ac15c0,38,3.4103942280937747,0.08974721652878355
e7dd64c11d0ed9dd859f0d75fc9589935891cda1,176,2.284705170769357,0.012981279379371347
e3554f9071576d4872858971e061e4342c0dca66,480,2.0655195408932983,0.0043031657101943715
01bf670587df8a3e20017c783d987c49358952f4,43,3.6130658253715335,0.08402478663654729
ceae8d41fb29163b66fbb19a06460b3af7bd9aa4,6,1.0000000000000002,0.1666666666666667
6c6fb15edfa2ea8572cb897b2cdb702e33f0e163,1830,114.06596999407337,0.06233113114430239
5945a2af2581a33cb2ebbdcde37c2843644c411d,176,22.287989080307952,0.12663630159265882
80bf7f3d4c1ab241bc5f964597342affbe51cd4c,812,2.475967254088017,0.0030492207562660308
2d8ded4f0c4b134354b82b0831d4309b55a1c97f,805,2.0490464498432015,0.0025453993165754055
d37a273f3618baaf9c1cd555aad73625b7a8526c,8,1.0,0.125
6db537d855494b1a39efeaa2a7cf3019efadb732,304,33.11994053233405,0.10894717280373042
e9c064413a4c03ac16c4c052eafab8f9ace35142,208,27.81572889349419,0.13372946583410666
351a0c9f70d8422c6a495a359c95acdad0273a1a,68,1.2500967472388613,0.018383775694689138
ac2e74da98e942180fdb04f17ce1c9dc7ca63866,480,10.291291243272573,0.021440190090151193
1a6ad677d2da86080e2ff0e0def4e700f5e3498d,62,1.1145649148229617,0.01797685346488648
7f9023feaef35d9cf23d3402098dfca6a2bb5ae0,330,2.7606528636812215,0.008365614738427944
e5371bef0a22bc5f8029532249d105ed77f7e3b8,424,0.21639236387618105,5.103593487645779E-4
f01a4e989dc5f8d448dc467061f5afa283416798,66,0.6761870324734874,0.010245258067780113
0979d5d12b62389d6e74af49e208dc793375432b,952,61.77188246024468,0.06488643115571921
68bc588fbedee8e8d3f1a8cf0850e86749405b45,135,20.8548511740857,0.15448037906730147
293ba6f6fd02e7fc38efe5742067d8456c60c18d,312,1.2239392346769358,0.003922882162426076
bbda9d7771c73906b34826dfff45666efe726459,480,18.585817972812468,0.038720454110025976
86e96ad69f49c7fcac310af9944d23cd2946aba3,144,16.910118086277908,0.11743137559915214
2950c41b872bf0839e4ebd76e3ace557a546f878,30,9.316393545927465,0.3105464515309155
ce9acc315e8dcf03a74f1f4c3b31c356c7c03606,72,12.795000823175155,0.17770834476632158
71b16c3ed7a41287517739d9bb74e597a4a0adf3,2119,72.32875519020452,0.03413343803218712
e7e6578c29f4192707b16c931b60532a6cbbc4b9,110,1.2865017221541257,0.011695470201401144
4d9a95e0a359080fd94f0fd8c9cd40d9fc634361,616,0.4782286978377537,7.763452886976521E-4
682b856f3d5b40286e8dd6d7429f003b1fe1b67e,168,0.37073272987850864,0.0022067424397530276
cbabd20f7c858be60c81592bd614314cf2588ba5,40,0.8385247871764627,0.020963119679411567
2a70a8b7265c278277572e744f52b7bb05b7401a,700,1.1071096587850244,0.0015815852268357491
a33aaad60afaff99dfe34298e0828642693abf4d,6,1.0000000000000002,0.1666666666666667
36636c094669234ea499d516aef40e9062e2eac3,7,1.4829489576663597,0.21184985109519425
2c48d6630200c428abf45c87f17006a5cf3e0756,54,12.362345575180795,0.228932325466311
37ac33c5a99da2278b0d3a8b05ce10943abab93a,30,0.2611328278160659,0.008704427593868863
441bcd13f58a20a6dde1ebd710aa8e5f04cc19aa,231,15.902465565697634,0.06884184227574733
a0b30621e267e78ec0843c3a4db3ed237d6744af,105,0.7103189756291018,0.006764942625039065
73ba75d30be640a545a86b9f456183f8ab58a925,245,0.5573726953225379,0.002274990593153216
6d9a2565529025a511ec2b995891c742ead8a222,1650,3.8136207008483343,0.002311285273241415
4cb2d5d4d6186d3e97e0e14d1ea25581a9ef83f0,240,20.757257824216914,0.08648857426757048
a5a3a2865d62aea751d4f5ec44fbbf9a44cac5ea,30,6.176190416016727,0.20587301386722423
07ef6df2e3bc624109969e565141a2368128209a,1886,66.91637404193399,0.03548058008586108
efc14764808ec8dc49866d92f6367cd016d66403,312,2.2356970248714347,0.00716569559253665
8ed06bf96bcb16cec7c84ad3be0a37ab0cc75203,140,2.626517851827285,0.01876084179876632
08f0d3b4615c81eb16ea01d8f4c712dacf93caee,186,3.3076617767053422,0.01778312783174915
4580108a0214a0caf37d6901d16630acebec46f9,324,47.045894032047464,0.1452033766421218
ca42a6a921164e74090211af53c96d29e949a5e3,7,1.9247381732489617,0.2749625961784231
2c97e4b3001d223db2e8fec2b9d1f0e56c8461d0,143,19.462205166289696,0.13609933682720066
e808cb84889cbcf6d53d611699aa1b50ffe03f5e,18,0.22648659740121077,0.01258258874451171
d821cc5a029048413d58ea9be6887f8ed6712f14,2420,209.79302420092893,0.08669133231443343
b882f4005741b1fc248151ff5234e82d4f1b4daf,60,16.35220470691268,0.2725367451152113
bbbf47aff47d0a65154f599108e797fd6e17cc9d,40,6.452547995284814,0.16131369988212035
478c3c306143491501b485dd641280dd410c1716,264,3.1274173537820364,0.011846277855234986
faa01c81d5d8ba2c1050f209724fd9a1f8690b80,25,0.5502737766432855,0.022010951065731418
66cb1a2e836d9a480fad36e733d4f68b41eee7fa,33,4.203664535299707,0.1273837737969608
a4b266d2950d56ff62de9b00d50a58a568231063,98,0.7463086387815239,0.007615394273280856
b904c3ad03183a2f9ce543c5e4fbe6ec4ea2997a,200,9.26090031004407,0.046304501550220346
fa714a0be28828a6f2bb25c27c2bc2b183fbd1eb,546,52.88951936897504,0.09686725159152937
b6256e230ff0a9613aa99b106270d98dd4593bdd,143,26.465341096169983,0.18507231535783206
7322da961ba933bc35e14f2c959f728572988e0f,924,17.46456644266194,0.018901045933616818
78459d3cd381ecfc6f0527c760676c171c849fb1,216,0.7418327149477495,0.003434410717350692
f4a06dec969ab441b7bf5dac8bc659e1c8a7a3b4,1554,92.31244104657736,0.05940311521658775
c8b8fd6b4d11f0a32f3fd5e40d8626f1257a3d2f,8,3.0033617557388492,0.37542021946735615
50ff42ab6817cc867173d3cfb8bbadaad7f43349,1830,116.68351155224681,0.06376148172253925
768469fe4d1340efe1036453366a58c9ab7e30d1,5,0.25945913751338107,0.051891827502676215
c9614a5d2dd30f32dce5a74b37fad0d09b50db60,2,1.0000000000000002,0.5000000000000001
832ec66b76a50fab265b4884f3391d618ed2b269,123,4.135548226126006,0.03362234330183745
b368d6f5c1f64aac78476aa9fbb8780d1b1c74cf,2880,47.52690631012123,0.016502398024347647
7acf13220b5898484ae3ab7c414dc6330cf4c9b3,527,49.45327248909678,0.093839226734529
2f5179969791dcd10c24f3d9d1c2fb24966e058b,7,1.0919021299763916,0.15598601856805594
fc36f09e6034501da1587d448b07a0ecb34500f6,18,1.2998534941939746,0.07221408301077636
3e2f2329f2aab1c682102801eef22ecad25511ae,1144,92.60307294195849,0.08094674208213154
23a5c24952f848403dba69191e5b4b713c858a7f,1316,12.033422626912444,0.009143938166346842
7a475010d0fd93ece6cc00ee5f4bc77ddeda6638,84,1.6918158510479941,0.0201406648934285
4931dfd62598c789b0f42096fdc1a114d799f10e,16,2.240924025144128,0.140057751571508
a1153bed35b7bb805f56bfc82a5d913f74d3d0d7,56,1.2011011281050064,0.021448234430446543
72557bdf444427b5976baa84ae97662797653926,360,7.2294007340142254,0.020081668705595072
e1dc5a1965c95e3e6bcad42e9909cc35ca346930,32,5.277793653426876,0.16493105166958988
d248814db10fbe4c7052a6de4ed6a69dbe7cc94d,7,1.4829489576663597,0.21184985109519425
be089cad74fefdeeab28e512bd752c9410c1ba05,60,0.7702823339565235,0.012838038899275392
29ad9956e09a39e4256c0f13f52a85e626dd9e5a,238,46.685134763605554,0.19615602841851074
0643d6e1c5ed5b23ab843f7ae03e55fca143382d,86,0.4378236928400549,0.0050909731725587775
c68a83122494706fc481793db8321e392503ebb5,527,50.42977470760358,0.0956921721206899
9d73b9e155f2372ba18987b2fb7239988e00351e,3060,19.57126160309544,0.006395837125194588
67a95045a5ba1d7918570c920f675bfbe4e92813,42,12.769243768978088,0.30402961354709734
c6ddda9667bdc7b176065bd868ab10d070262fd3,13318850,174282.74457989697,0.013085419880837832
0d4e591f680453ae00e47e8c3d2c6b05d7b54062,297,5.409244235909244,0.01821294355524998
2b164c377bf8b0fc245eb244a3ff96b0ea326304,504,1.1119020617537316,0.0022061548844320073
41cc5cd57bcb777a65b28cec9059ca5809f9c0ff,500,23.453083699909364,0.046906167399818725
155a801531e7e48e024da2882a03ed22f28fe59b,1534,2.947205762156456,0.0019212553860211577
08882553071c18888813e5f553c7e9b2b9674eb6,20,1.9738716378681942,0.09869358189340971
cb0ad72cb19f1cc4fad8e66276e6cc887492fae2,35,6.5739928890038595,0.18782836825725313
b8468ebce35e3486cc2f23cae622d09d17df1514,16,1.318614158044114,0.08241338487775712
fa46812ffcb2f205c9b2d3fddd642b614354ae69,14,0.2028678968973804,0.0144905640640986
447a709ef784e170884e09129a31d081e7dd4c29,49,8.616732896419506,0.1758516917636634
ffb6c72d8045267a2db6d4daeae0b917347a9ccc,6100,18.221370790241547,0.0029871099656133683
dd2a9139377d2bc8c5842fd51add9a24636ee4d7,572,46.75227157833638,0.0817347405215671
ad465781ea4f593796bd21654d1ff4737ab12266,77,1.5700722108125178,0.02039054819237036
db24fee2e23854f5f508260a6961de0bb8fe1bbd,1410,117.62258627451858,0.08342027395355928
15f3fb0669fd18fc95db810be5c8c6245f5e9339,104,1.922181641836586,0.01848251578689025
6ba791e6ba0a8780b2d332ab6e080041263472d7,3,0.6746361633374367,0.2248787211124789
02fa7e5ca2697a6b7cfd7442e61555b395f1b826,56,2.0249288270550343,0.03615944334026847
74d4a2a82fa7431d0fb4242a964ee0d0de66ea23,231,15.130255741633784,0.06549894260447525
ec0e19ec52ac9fd44ca4bd0dfe904c9ebea73d02,570,8.225117970524016,0.014430031527235116
39cce2e0719c7b06edeeb4419d36130c6aeb9329,1890,6.687017298179127,0.0035381043905709664
8ba636fba1ed6912dbbb417bc0339cacfaf84e19,12,3.361482736182505,0.28012356134854205
555e73c16432fb5aaeeefa8c9f4758aaf8055ba0,909,4.383060429036373,0.004821848656805691
8c133042588285f22493f1abc54027b38383b081,5766,48.12436613059847,0.008346230685154088
83578be10ad19349510441cb05c3e1542a475d94,28,1.0000000000000002,0.03571428571428572
4de3c3e5ae9c3d77d02bc0ea3bd594fb01d5980c,2414,18.9597693852988,0.007854088394904224
fc63dadeb0b3c2984a99fec7f40c283730510cfc,225,33.51696902110412,0.14896430676046274
ee7ea7cd8a303a7456096ecde7b2daefbb3c893e,6,1.0,0.16666666666666666
4a0343f57255af896d579823bfc2428cda971805,2829,131.71175711858717,0.04655770841943697
541501cfb447c8278065775c7846b93b0fda16eb,340,0.5960569158306054,0.0017531085759723687
a86079afe7e5f497479e3307baa2363d9e4d5434,8,3.0033617557388492,0.37542021946735615
2fa836aaed496cab10025e3dc9a22391a3f8e2df,29606,914.7259130844077,0.030896639636709036
a3e607e6eb40ea6a7412fe5c62d4005fbb4c4fc0,702,3.082608667932237,0.00439118043864991
af5416f326da27fc547b01a3182eef2b80fd007b,4250,30.34421687738584,0.007139815735855492
3351db95830b65c5ab817ea7074f85314df8ba69,18,0.5794098449823092,0.03218943583235051
40ad7f9dc3b0d012991253c3d65f695c7de6c2d8,392,4.675975418775047,0.011928508721364915
2f2ab71c2e8189cc41d3ba37fd8bd5d328d54228,1144,92.66429500239508,0.08100025786922646
24418363867729329728af337a1f1dd7389d2307,3,0.41617759470237436,0.13872586490079145
b9ea493ac06ed22f513f1882a755b38271c73f81,2119,73.43467549229774,0.034655344734449145
84f276a230283235fbeb768991aefc815af3fb93,54,12.362345575180795,0.228932325466311
f5fde8f9a6d5331e97265188ad3c1390703b2dda,32,0.8236546905188449,0.025739209078713902
cad859b6f56802a5251385e90ac5804547effda1,780,3.606874534826646,0.004624198121572623
abb8df0a34cf026681802cc9c1db68e6b46d12e5,50,9.016671663667063,0.18033343327334125
7c49c8d2532a69339279c2c3bbc91246034e47e8,30,9.316393545927465,0.3105464515309155
6ac76acdfe73b3fc10987da67c70c3b75c8cfad1,25,0.5752452380975861,0.023009809523903444
92f11b712ce9910faf99757849eefe78e99bf9ce,450,0.42492468732743244,9.442770829498499E-4
2f4bc706a1f5670cb5bbcf821648b30f6f40f876,18,0.293343474180055,0.016296859676669724
7e1753f291b00336c530a61fdc4b68c01b584dac,2556,37.23951102773529,0.014569448758894871
24ddf8fc3807bc3d6ec6d1ecf21f43888b593ee1,66,1.4465878691892349,0.02191799801801871
980278137ce08902643023a2ac01c72970c9fc93,99,0.20644409714131157,0.0020852939105182986
8726c8f6ce3915585969e80aad875b72e3164299,154,24.962275898823382,0.16209270064171027
ff813845743fb03cdb892e60e1894552395bea0f,1080,6.644763366980853,0.006152558673130419
a6ab1d846f2468c4ac666107b5335dd7c997357b,247,43.88153844182019,0.17765805037174165
36497a217f2bf3b6460ae93ccb73724cd12a5920,28,0.2588031236569406,0.009242968702033592
7db3d6cf3ce57daff5244198c9164f59d459fe0d,156,26.426294272879282,0.16939932226204668
172d9211c0df185e8e94036f9b143c8529b028da,100,0.24747052265112968,0.002474705226511297
2a3d6787c7d0dd598f3826850a21a557f5397b37,124,1.4167779418681212,0.01142562856345259
c5ee3aa33a8dc06b5237ecd71683027f4aa66f09,200,3.8237645464772205,0.019118822732386104
b36d5c0645cc83c3fe244c008cc69b0558ce2c0e,12,0.2594662857998836,0.021622190483323634
1726672cf4171e4ad79a8817be8fff6ee657b1a5,82,1.5421893052690245,0.018807186649622252
fdea9fd669f84ff9b2682115b703ac63b4518257,78,8.401077361650303,0.10770612002115773
6d708ed00ca7aa5f8239fe13ce3d1aba1e7ab94f,387,3.1429581995320084,0.008121339016878575
83ff42fd7927b3a656182a2b98aa3397db5cae23,30,0.3021709597839096,0.01007236532613032
3cbd0c852fbc5027b9ecfc47d232ff4cfc8b3dc1,45,2.7988162582945133,0.062195916850989186
562cb82109bc929af4fe60e60aa43266f5d29936,250,1.3793895016189863,0.005517558006475945
ec3719d76c314c0f81a48cd318a9eea90689c15b,60,2.5617434980036053,0.04269572496672676
9f6950aeb43d12cd535bb5e33aa2b879eece5cd9,19,0.25198884568985175,0.013262570825781672
0e6854024d4185312c0fdca791ef17bdcedba6f9,6063,197.941299602535,0.032647418704030186
150b157742ca6200c0b37aee3a3a24df0e13ee3c,25,0.7701584642914644,0.030806338571658577
0b6d98352e9d20c697c20051c7c8987f5cbba3d5,130,1.1437525804149171,0.008798096772422439
394a6ee9f9f8fd75be070a5d545c7dea0cd6de39,99,2.590888495469455,0.026170590863327826
e6de76bb816ffc08dc1f5c38dd81daa2c4b4535e,40,0.9163297053591477,0.02290824263397869
fe502e2d4a011e3f569c6e26b4ca0ce3cd187e17,48,0.6973973863479328,0.014529112215581933
21859650ffb401f3d9dfc02ee70c5a3896868362,252,2.7850402887647947,0.011051747177638075
539d297c9858005e1179d2863313e7e87338a872,304,40.06299989357614,0.13178618386044783
e3785590c1ec80d67508eba3a34a451168f7ca83,972,6.4557999297941935,0.006641769475096907
a502b7b249a20488dca0341f927a32673b6be9be,28,0.23125369671439694,0.008259060596942747
69710d3eaf9dd370c2d4ddecd95f67376f6d5e06,572,46.86969005821641,0.08194001758429442
fd3cdc326de50ca541b1d766484a4758034c391c,2626,22.783045503899995,0.008675950306130996
1cf5ba50dd83eef7a63bf7c530821ad31f7bfd0c,626,2.678580982032638,0.004278883357879614
fb27f7480b06118300865276ce51cb71b542bbc4,7,0.6836000291316396,0.09765714701880567
aab4536278d8f4c4b4b66270a997d1399ed79d57,304,34.10978932070007,0.11220325434440812
b66ecca5d7dbc8ac42546b3b9b63d746a171a396,696,8.749822430928322,0.012571583952483222
03d8b4156bc2f7acc9aded8badf51448acfd6e60,82,2.2853305263888295,0.027869884468156456
152183d48b74fcb373eb0d1d2f0d3e3650e07f3e,30,7.637618714439885,0.2545872904813295
c2fba8a6d4ce3f9d02750a68f8047597e0622f8a,2145,93.94319549641472,0.04379636153679008
acd8e56cc61bf342c7cf6a302cc9c343359c7769,1251,13.193214994949654,0.010546135087889413
aa9a3e51e2d9e266a93b5ba1d0ad4c19ad7b5cfd,60,2.970217227534202,0.049503620458903365
67d4b78620c024ece82718d31c55fc9d4fabe373,160,23.253031278978423,0.14533144549361515
3a3f00e638540fb3ce923244dc2d514d7f862973,551,10.260824314750696,0.018622185689202715
fb331c7c91fadcb8936456f23224dd6928ec1601,12,0.23337441505979495,0.01944786792164958
c196129f803defd431005b90124364d87d71412d,800,4.242650513619234,0.005303313142024042
46589024f5fffd139734c31783bb6c8e4cf7e271,126,2.4554793668758492,0.019487931483141662
db4e4067a99eea0c5d5d1a86044e644384d5173c,44,0.2814037732621133,0.0063955403014116655
b6bb0e3364bbf046321ba83957a20551afa45955,4365,28.151447182935303,0.0064493578884158775
401ec28bbf9f6ecff3730c2e95929f6b6a746859,15,3.256547749024649,0.21710318326830993
8305355b32fdef6458a3843adb4a7d42e385c2e1,484,58.786141532437,0.1214589701083409
d3feb9374069e6d930a38e5acf07018ff8ac7010,56,3.749450241364306,0.06695446859579117
98b3263363a0dd9b1fd290040346b0466fe3f185,62,0.8351905271883928,0.013470814954651498
29e2c872d7bf96fd0d3ee9dbfc29b10a3a681e70,276,1.255510638874523,0.004548951590125083
7fba5df0ec780717e2ee2b83d9ed367792a2de84,638,70.21451765025495,0.11005410290008613
71cbd7340033e69e9d8f947fd28f11a1c8fb6cd7,225,1.128713265071671,0.005016503400318537
6fb54fec23d8264903feab6ec74a111745b18a01,528,42.9757293263602,0.08139342675447007
ed3dbe7485e040a5dfec9244e3868b9ba2c76033,700,5.03511646740173,0.007193023524859615
6da6f2281fba58d62d29a81334895f8ee09f9792,1200,11.88199684324115,0.009901664036034293
c8a573266ff828a36e9d2cac17093156d288205a,40,7.793663214990399,0.19484158037476
eff085fe9b68f168e8c3276701ada135388b1c03,868,70.67631611329851,0.08142432731946833
4a22e228ef2a1d3bd737dd36359ca20e29ae9438,690,0.5205195527427028,7.543761633952215E-4
1444173e6e35a2a34c28706901b306697877f23c,67,1.9613143334469494,0.02927334826040223
4bb3dc157ab7e907dd5baa97eb1fa80ea471cb53,3,1.0,0.3333333333333333
3b7c0bb72e48a7c0c8b5afe9db5de4870a303f48,378,7.441887823042262,0.019687533923392227
269eed4d8e05c2509dadfd6f89b20bc9ee1e40f7,42,0.7702119239257025,0.018338379141088153
dace336b0da0687875d09aa2fc40e258490ae931,464,7.9800859616667426,0.017198461124281774
9448638f5f9018ac7a006a2354578a4e607dba43,6003,69.42081032324121,0.011564352877434817
65d4f1ff52ffa003736bb05328b51c1b1385a71e,42,0.2549121064520926,0.006069335867906967
6a4a229cbecf8ed94fdde6f5efb0c3be6a13ce10,35,6.9992862210634375,0.1999796063160982
d7b39faf74407f7b568192db893f5988adca2619,14184,38.419168246322066,0.0027086272029273875
12795f6d304b209705bf2457a975934e8853d6da,40,0.5210780827406845,0.013026952068517112
91d6e9f0160e30d93aea326948db5ac024739e2f,294,19.514124269745587,0.06637457234607343
d0450a23a432be87b3945d4b613d80fb7124e7eb,546,0.7220146085593647,0.0013223710779475544
66fedd82dd7c8f707d81a489526dfe981001b2eb,49,3.189339556963228,0.06508856238700465
3a16fe92d05465c1dd4861d430a9969b6477953e,5,0.6467588658482374,0.12935177316964747
99ca885c12946065b518f8232a636aa606f9c004,528,51.87314076509314,0.09824458478237337
386ed2263f2204710cf5cd54f4a31b7f1aaed3ff,4,2.0,0.5
a5324f4086176f54dccf5df1864bcd1b458a851d,182,2.8399943236926695,0.015604364415893789
94c5f6e420bf362035f082816ed535525ad07f7e,182,22.17148428107077,0.12182134220368555
5114751c5de91c802d69a5171f2f7d9c5676931c,14042,846.8266122959111,0.060306695078757376
3ad911c5ee9340ffae833f339911cf295b9f4d11,70,6.984937651837123,0.0997848235976732
ac47967a169047dad747bb7fc53addb41823a3b8,99,0.36914540412145436,0.003728741455772266
7c02d8cda6383385d306674b0d6a64137b4f97eb,147,0.266905042840665,0.0018156805635419389
d56068c661fb474f8a7b8ba589d036b8a7fab5f8,35,6.366723144130058,0.18190637554657307
5ee276d9bc0a37af712ff639a6ccdf1a87f53c3c,6,0.363263632245119,0.06054393870751983
5ab2c95795a8d49725b31f0600baa30812d9b62b,40,1.0568736033935044,0.02642184008483761
3478c389e1a9dcc210f7d821eabe8e05909b8808,72,20.977535465788073,0.29135465924705656
3ec3309faa307b2dcf03ea7510d43a0a6fcc9af1,27,3.656943379305244,0.1354423473816757
6571e4f198b960ed76c20a4c6920bb43d9bff620,10,0.20899970937001328,0.020899970937001328
92e93b5bb70fb3d004988749f4ebba18bfa52a2f,156,2.1418336740687987,0.013729703038902556
91edb244f2cb4bf1aa2c792d629753f060ac5a9e,1791,41.04443975618698,0.02291705179016582
7fe5515c0368c3c6a8ae07f88df53049b670c368,24,0.955629142477596,0.0398178809365665
2aff049506a20e7d2c576bb6736c4c3937f0c04e,270,3.939694525135804,0.014591461204206681
5297f02c5fe9472e835542efc2f870fee1cc5459,60,2.976766772383466,0.049612779539724434
e454397f20fd0ea0bdcb7d7682f34daaa0094721,180,6.37109379911193,0.03539496555062183
f795a3a22dddcbb02a475e385008a255f451e8fa,110,20.690897737364526,0.18809907033967752
868ce83ec5bc5c1c90347701bc81eeaa433d729c,16,1.318614158044114,0.08241338487775712
b6e9699eef5444c02d6e86a01308245b793ce85c,3360,10.69563338183984,0.0031832242207856668
2f1006f35bb711c5e20ed9bdd8705dbc026fe304,301,3.9107568320320687,0.012992547614724482
29fb582d5b60139be0b5b1db225bd7026ab4511c,2556,36.53605203364959,0.014294230060113298
31246e2cd3356b224e5a5404ec0476f97241235b,1155,9.717839432992255,0.008413713794798489
0d12ea4e1bc0ffa370921e479df76dd77cb1d0af,24,0.2169475067076464,0.009039479446151933
0208ef7f7ab91baedbae5425068bc6c394e0d3ff,240,22.360327259328603,0.09316803024720251
aa22321b65e60c7fc3bbb7846e9e9d1cb4945952,15,0.36605667701984923,0.02440377846798995
632d15d660a1666e78f46cbb7d8e3d739ed04f97,1554,92.29069794261576,0.05938912351519676
b46c327160606861c416b46ed13f4e4deab443b7,221,29.71815261626425,0.13447127880662557
fe77d091619ee1c9e9ef53e5aed4c2db637e724c,280,0.21503963034611534,7.679986798075547E-4
3c676a7d70eed39d05df0bc15afeccb937ce8d1a,63,15.36901162361826,0.24395256545425809
b43c38d6380793f498fb58b527b96799c78ff7b6,81,1.1972507634768317,0.014780873623170761
7a2f364af32f0fac5a82c159358c71f704bd8aee,180,4.656687541287237,0.02587048634048465
57adb194fca18869c7c42d9f8df0a2208b371dcd,4150,7.4264597323864,0.001789508369249735
aaf1f28417b5c95115341e60017be2c74a9c3759,878,6.318095590474052,0.007196008645186848
19499f51ee049d31bb5cfc8ce6687c887c087de7,452,2.0840161045556695,0.0046106550985744905
4525cc8b7095c395e1e4d936c59033aeed1f0940,1675,2.687868667383853,0.001604697711870957
7993e58d496de890172ff8312809712dd5b11a24,420,40.842539167074605,0.09724414087398715
a2ba044679ff0ef81980d69b20acc6546335e610,12,3.0,0.25
6622f99b8d2254043e4e741752c6a889b076332b,4,1.0,0.25
51824ed10c4b367d8923de51ef7b55d7a8274ae5,17420,3693.0255648219104,0.21199917134454135
aecd9aeed7f0d636d4581fe4ec933cd5e08778e8,112,0.7784177593495151,0.006950158565620671
89ec24f83ac55a449f703489690945dd84989c7c,42,0.4560389214481304,0.01085806955828882
3d91aedd0a72436bd19991079629656729726b90,26,2.257608036119137,0.08683107831227449
fe93ff25bcb93e633e56979e92821893a109ead5,65,1.430244300804447,0.02200375847391457
0c72d2eb31e370bfed70df58c81d6aecc7166a06,15,4.977689540027411,0.33184596933516075
b70894333c6d173258a070242935f7babfc2f7a8,713,170.87900036467568,0.23966199209631933
87a798ae9528dee4e9bc7abda711df546c3b0ca9,306152,4244.269467041733,0.01386327532415837
79d5f8b41e8c34be64c5b72bc6601215f129d0f1,713,170.87900036467565,0.23966199209631928
900d28e829d553280c58d4abc8d9df23c892e18b,22,1.1722872296051332,0.05328578316386969
a429d58729acd16eea7ae05ee3ca073d2a38276f,10,0.511309307266652,0.051130930726665205
2da1c9d3425bc4ac1d8544bf09b6992eec7af8bb,24,0.8099766713417529,0.03374902797257304
7b9f3d6fdd35e7d505f3170f62191cb73aec567e,115,3.6568769481280636,0.031798929983722295
2571d6e48bf756241d21c8de499c88620ac4131a,360,6.8994976357831135,0.01916527121050865
be4b504db39e9ec36b98a468f4b1a6633e440b44,14042,839.0506663924409,0.05975293166161807
ef999c6b4d223ab426a0d51869965211dc803b0a,651,3.074258597116031,0.004722363436430155
31ca63210433c66d1d941bf0b5cf9c9895f15038,16,0.8838848324577282,0.05524280202860801
8efca053d65f3521a6d40524f9dee6d49d8477da,195,25.854171417191093,0.1325854944471338
0c224ad8c5bbf29b249d493345d9dd96680bfdad,55,0.20677069958781563,0.0037594672652330116
e6859dd7262b2e0dd9af47e22cbc41905464b012,24,5.254324089829939,0.21893017040958077
1fbb1a89e4f3633c2c1d5a59ee21b9318d7324fc,72,1.959431952445313,0.02721433267285157
4f34d493c158d171927d9aaa5bb92584c385594a,154,24.906484685832382,0.1617304200378726
c918a306fc4dd3f403c047abe8321e645e440de7,805,11.911607685394303,0.014797028180614041
183572a9d330810dacabc9c729d8f666a6a67a93,22,0.22521952229535105,0.010237251013425049
19ffdb4ab8ee281655ef9e597061e9af8a1006e9,35989,93.8876380345927,0.0026087870747893162
3cd645e4c550865f625834f1fe3e9e70a5a4e42c,608,8.026376483251164,0.013201277110610468
ce1e8cc25ff991129033ceb90f23cb0e22298ded,20,1.837849894645042,0.0918924947322521
b73a9b3c56d9c0068fdd563c13b0b0eb61377426,528,51.73942264140785,0.09799133076024213
cc60085bd18eab480c811209d0c5ad9a73f972a5,143,0.22789909094086505,0.001593699936649406
5957a162234d2b4a6c0736587ed305c5f7bf0e8d,45,1.5662329264465995,0.03480517614325777
cad7e4320a214998300818864a08c48d999bad5f,462,56.83060346489432,0.12300996420972796
aff85c3030332744a51fa65d5612830b9a8684ae,1001,36.10207557304052,0.036066009563477046
1ddeece1cd3c024266adb72866c6d0a847275ac8,84,0.2534831414872166,0.0030176564462763883
f7d11a9d1c79fe8a7b40d50bce00b2943313c03f,156,26.372570004978826,0.16905493592935145
6d44ef97a110945050c7d229298ce6ecb8c73bbb,714,0.6690085406949923,9.369867516736587E-4
54db3487b099311c2ab1d342e7d833b52cbb4a6b,35,0.5312600566771104,0.015178858762203155
be4d73d7c38d9d49eec21199598c7897d2359563,1863,2.8444483195615766,0.00152681069219623
f0eba13df8159ef20ee5daf5962cd16281d029d8,28,1.0000000000000002,0.03571428571428572
e60b8b0a423ac354c0432fcd59d4ab8837644c53,624,38.59255296758325,0.061847040012152646
49564527f34894de0e526438086d41eefc8390b7,17,0.22838912050385102,0.013434654147285355
212ec883a4f08e75a78bf3d76b135dc1b3f59b0f,324,40.173540931933054,0.123992410283744
ec3bdaccffced7f5e14ed35d5c59340c2bd34f7c,513,4.940314546875368,0.009630242781433465
c1ee9ec8708f71cc3b0744542dd79bd673c92e9a,7,0.9999999999999998,0.14285714285714282
3888a423064bebc5bbd5d973dc3ad0087c66b427,452,2.6548811603003903,0.005873630885620333
03b3eb7e947a8cea70421fcc64c5abe2728865f5,14,1.2564279371944478,0.08974485265674627
cb8ea6e4a88cd2ee57ae69f13d2eded444c92f16,3888,25.9717447923811,0.006679975512443698
3403ba1c5d9fc562f5c38cc02388e7934bd967c1,102,1.0313793419215331,0.010111562175701305
72852915a32a567c2adf3b991e5ef1d4d2eb0c5f,72,0.2578212103712207,0.003580850144044732
18f840a29f637c5e14903dbe3c7ba8ea5438f9d6,2735,6.015642346363706,0.002199503600132982
f6b040d6d6a0c13655e085114d6a84d27833564d,864,71.45332704486312,0.0827006100056286
f7b23272d61fafad4ce634fead41862c235cfde9,195,25.068983376906253,0.12855888911233976
2254bcfeb5920a1ea08986c5aaae1b82e2fd40a7,240,47.673496910204136,0.1986395704591839
2680ce36dceb49d439f62f73f09ce8ce06cc9518,583,1.3911620077743108,0.0023862127063024197
8114a0282d47d7862a49768134847cdbc99724f6,200,9.456243141147624,0.04728121570573812
ea6750dade5d3d5ffbf4138643bbf4a55f03eed9,24,2.884848074286673,0.12020200309527805
8137e89f986c441089ad0974032e9622507592d5,51,0.3754433620390193,0.007361634549784692
045049f156c2d69f1a4c5b4df8f375739fa46382,196,29.851802035089186,0.15230511242392442
06d0d4725ee1a79d7a826758073d06bd8db57498,376,10.479735541574055,0.0278716370786544
