00366ffaeb6fae2033bb7e93318b94842a6d94b9,270,25.65118525802461,0.0950043898445356
f13fc91360321e35335f34d9ad426f5bb3818557,132,0.990676102396229,0.00750512198785022
0e13740969bf4ee4ff35e0fd0a90c6119e524fd3,208,1.3624205428741427,0.006550098763817994
754cf0f25a2c3d11c589ebeac55898cccd2d1627,800,4.683373482244463,0.0058542168528055785
45b12f104472be0b9087e8e2e776b6cc1bf5efe7,110,19.47853864762754,0.17707762406934127
9032f7f5c52b20945bf6cf6bf6b547d8ba30289c,2413,5.526472449100391,0.0022902911102778245
922f53e31873ed3651288d1fb93eaebae9716041,49,8.878087231600034,0.18118545370612316
87ddb21d6b24a8ceeb72db8cbd7bccf8bb349b43,2,1.0,0.5
ae0984b6b117a9dd16fa7299d876a5829927dd76,1140,0.5016729034368876,4.4006395038323476E-4
cd7693fdceb12ba1bf4ec913e4ada1b90858e527,5916,1.129281760459377,1.9088603117974593E-4
a6efc3776b6d9b218e90c1d39a8d806f7609b2cc,2025,68.89151495362347,0.03402050121166591
d8e593595731b94bf0764f276cce9dd11ef717bb,300,24.410142523785453,0.08136714174595151
f4f21106cbf8338b6946e6f3d86ff3aaf4015970,40,5.244500198985797,0.13111250497464494
53adf8702d5bdbaca56238feac2cf904db94e7b4,896,50.81759637481892,0.056716067382610404
3ebedb4a6283c4ba714a7059ea8b4b3ae57687a2,6,2.0,0.3333333333333333
9c69b1a1c7a5711c9bb53bc7d74ac5df060510fd,176,20.4243857473587,0.11604764629181079
975a312138c3490dc9db4e5c260784845e2904e9,196,26.050162302912703,0.13290899134139134
de9607e69f6d85090afc6c92da4e1e29800bb80d,994,0.5029167692174837,5.059524841222171E-4
a0599e53efbe289f70783abb4377e93cf9268fcb,21,1.0,0.047619047619047616
a7ed24b3e90d3a894ecd033cb9878e72d2c6f187,135,13.967722559950664,0.1034646115551901
a4746d6e2389dd40feeb651e8ba51abd63c1f357,24,4.384036978054263,0.18266820741892764
6cf4b3ab8be48486ff3d779cd5ed46d0a7c32225,144,0.5002568285290117,0.003474005753673692
26557074565cfbb6b6d561cd9b8631c08341198f,54,1.4609642072164284,0.027054892726230156
5743f8bc969dfce0c1a0e3e346c8daa3c623c336,238,37.95523215060917,0.15947576533869398
2fb9a662aa3188d0e967a03f17c0cbfb084537e7,2145,3.9283340355334357,0.0018313911587568466
f500cc0eee0fe6d4fc5b22a8d391a7e2f8d751bd,1225,8.324933637228924,0.006795864193656264
230b78d33714b23824ebe074b5fab5f0f2014751,38,5.175762940015795,0.1362042878951525
4521f03e15e880688a96a11c901577c262f4a09d,1444,82.0586969177744,0.05682735243613186
009e307dba63236b2a7a952e8a27bb8c32ec1b64,700,3.6199553579421524,0.005171364797060218
e90422fea1fd085282b34dfebdd938d7eb1fc429,3,1.0,0.3333333333333333
a4bba782e9ef1633d0e1fc5fe13968b81d0acc2e,40,5.0,0.125
717726baddf7216c833065dd60867d5a8312447a,28896,21.49070398595718,7.437259131352844E-4
e51804b77fc58de1182222c06d931f14ccf48d6c,2142,2.3573960113749743,0.0011005583619864492
df7517007d5d922ea38e318f38e31ad147539034,1771,51.31935560867482,0.028977614685869464
acf0bbbc987bf843c6d6747725678fda922d7b15,1452,1.1266375036048832,7.759211457333907E-4
734704676d5bd121992fc47c9cee83aa8f9c8fcd,924,0.5693146359609559,6.161413809101254E-4
166a486bc8805f341f8b9d27889697ecdd9d85fc,506,2.352445192633657,0.004649101171212761
70c0bb2c3ce0f96e7e019e5f7f32630ebfbb7834,63,11.145995717310457,0.17692056694143582
fe9eaef2a3cd41182aa2e78470d7ed846e73f823,60,12.126624260781032,0.20211040434635053
bae9ffccf678420e15875b650e37db0568c12139,165,1.8941385696987734,0.01147962769514408
b565cea83514099d89d659e9fb85ee4bfce9e0b5,78,7.380587787909667,0.09462292035781623
b2f6fe8e01a3d9861b824d3a0d39e17c667a7b7e,300,24.410142523785453,0.08136714174595151
d0a0aaf073c28dc26a33e73b360267ef17c219c3,22230,25.000953276276753,0.001124649270187888
ab6e34965a6bd8b92cd1b29e8327d28ba56f7d46,105,0.8116575388333931,0.007730071798413268
961282db9d3a4f8196d79094f9b56b52bf944cff,208,2.678472654876981,0.012877272379216254
74b1e3264c5d76793a98b639379167c648083c30,154,19.74325046457072,0.12820292509461506
41eb015f4c8fce72ebd824c7b5a8b9c1c0abae98,300,5.674010315218042,0.01891336771739347
ae2cdb6069664810c7bfc049d250f4ad391164ec,135,13.987720920838555,0.10361274756176707
4985b097de34584b2622911336e9191508225321,9,1.0,0.1111111111111111
854e5dd849bd7687a1afc29fd1c15057d3064649,774,3.8737453296878996,0.005004838927245348
cd00e89d5e5fa0207b29b3585b6706cbf7b1eb14,30,6.439889077194644,0.21466296923982148
c17fb14e3d59cbf780ee6ae32488de233f3fae1d,1025,3.732080458822568,0.0036410541061683587
e7da721ffe832240e27d680c97acb0a23ff774f7,171,12.01736418808935,0.07027698355607806
d0fe2f203cd631657dbc47c8681122b63e373fe4,600,36.15734173757795,0.060262236229296585
8abfc181f96c0dd598ef886217830e93e0b713a4,9,1.0,0.1111111111111111
85ca61fc0ae4246239bce69748423629d5210f4d,28,4.522450305690835,0.16151608234610126
b6844d9752f1dafe60b1eacd437d9298d0d5c3e5,450,1.3106350479906554,0.002912522328868123
aa15a0b3c0d6cea4ace49f859f8fbb051270bccc,121,20.276308889015997,0.1675728007356694
94e466466d0365e943215bd15acb4ea376dd68ee,2145,81.48607856153991,0.03798884781423772
1806ab31107a6f860f501dce7ab76ea5b307ebc0,462,48.84147359173429,0.10571747530678419
ea8a417efcb4076da1e65db1109c9c0d9a6664cc,27,3.8451988722544708,0.14241477304646188
e2ab04896a35b05f51a21cc7151114dc08b68faa,35,7.539312078295029,0.2154089165227151
b6223409788a11ceb42a4419e9f58ab29d80aa77,638,43.19375717690293,0.06770181375690114
1ed56e6bcf72c6e056ed6d2be5d5f0e2270f74bb,528,28.500565484143817,0.053978343719969346
94635605a0ab55f1ba42ccc96c0e4200d59b2e22,12,2.0,0.16666666666666666
74b3659784b31b055fa87e43b2561181a9b4a923,420,36.826626354659105,0.0876824437015693
6df0ca991c977ce901f2df0ae9a4438c32ac15c0,38,2.0,0.05263157894736842
e7dd64c11d0ed9dd859f0d75fc9589935891cda1,176,1.546581905576501,0.008787397190775575
01bf670587df8a3e20017c783d987c49358952f4,43,1.3121355114722428,0.030514779336563786
ceae8d41fb29163b66fbb19a06460b3af7bd9aa4,6,1.0000000000000002,0.1666666666666667
6c6fb15edfa2ea8572cb897b2cdb702e33f0e163,1830,78.00276009731712,0.0426244590695722
5945a2af2581a33cb2ebbdcde37c2843644c411d,176,20.4243857473587,0.11604764629181079
2d8ded4f0c4b134354b82b0831d4309b55a1c97f,805,1.2140030815736504,0.0015080783622032925
d37a273f3618baaf9c1cd555aad73625b7a8526c,8,1.0,0.125
6db537d855494b1a39efeaa2a7cf3019efadb732,304,20.676672237185585,0.06801536920126837
e9c064413a4c03ac16c4c052eafab8f9ace35142,208,18.45085795534847,0.08870604786225227
351a0c9f70d8422c6a495a359c95acdad0273a1a,68,1.2500967472388613,0.018383775694689138
ac2e74da98e942180fdb04f17ce1c9dc7ca63866,480,5.332476500121284,0.01110932604191934
0979d5d12b62389d6e74af49e208dc793375432b,952,46.44959204370434,0.04879158828120204
68bc588fbedee8e8d3f1a8cf0850e86749405b45,135,18.47519456251623,0.13685329305567578
bbda9d7771c73906b34826dfff45666efe726459,480,15.934724790743081,0.03319734331404808
86e96ad69f49c7fcac310af9944d23cd2946aba3,144,13.58832790774733,0.09436338824824535
2950c41b872bf0839e4ebd76e3ace557a546f878,30,6.599760426101929,0.21999201420339762
ce9acc315e8dcf03a74f1f4c3b31c356c7c03606,72,8.0,0.1111111111111111
71b16c3ed7a41287517739d9bb74e597a4a0adf3,2119,33.293672818015224,0.015711973958478162
e7e6578c29f4192707b16c931b60532a6cbbc4b9,110,0.5056573098429719,0.004596884634936108
cbabd20f7c858be60c81592bd614314cf2588ba5,40,0.5895859782810607,0.014739649457026518
a33aaad60afaff99dfe34298e0828642693abf4d,6,1.0000000000000002,0.1666666666666667
36636c094669234ea499d516aef40e9062e2eac3,7,1.0,0.14285714285714285
2c48d6630200c428abf45c87f17006a5cf3e0756,54,11.438168546448239,0.21181793604533775
441bcd13f58a20a6dde1ebd710aa8e5f04cc19aa,231,12.717747480651875,0.055055183898925865
4cb2d5d4d6186d3e97e0e14d1ea25581a9ef83f0,240,15.444174284042598,0.06435072618351083
a5a3a2865d62aea751d4f5ec44fbbf9a44cac5ea,30,5.395333542493756,0.17984445141645852
07ef6df2e3bc624109969e565141a2368128209a,1886,47.796639785328495,0.025342863088721364
efc14764808ec8dc49866d92f6367cd016d66403,312,2.0,0.00641025641025641
4580108a0214a0caf37d6901d16630acebec46f9,324,35.51417079630433,0.10961163826019854
ca42a6a921164e74090211af53c96d29e949a5e3,7,0.955728617309069,0.13653265961558128
2c97e4b3001d223db2e8fec2b9d1f0e56c8461d0,143,15.159072339686661,0.1060074988789277
d821cc5a029048413d58ea9be6887f8ed6712f14,2420,124.6788041346548,0.05152016699779124
b882f4005741b1fc248151ff5234e82d4f1b4daf,60,12.833097096088169,0.21388495160146948
bbbf47aff47d0a65154f599108e797fd6e17cc9d,40,5.244500198985797,0.13111250497464494
478c3c306143491501b485dd641280dd410c1716,264,0.7045242866759707,0.0026686526010453434
66cb1a2e836d9a480fad36e733d4f68b41eee7fa,33,2.958376952057813,0.08964778642599433
b904c3ad03183a2f9ce543c5e4fbe6ec4ea2997a,200,5.883254143874664,0.02941627071937332
fa714a0be28828a6f2bb25c27c2bc2b183fbd1eb,546,33.77964030363526,0.061867473083581065
b6256e230ff0a9613aa99b106270d98dd4593bdd,143,21.35142095488806,0.14931063604816824
7322da961ba933bc35e14f2c959f728572988e0f,924,5.7137911668124985,0.006183756674039501
f4a06dec969ab441b7bf5dac8bc659e1c8a7a3b4,1554,73.10800659113663,0.047045049286445706
c8b8fd6b4d11f0a32f3fd5e40d8626f1257a3d2f,8,3.0033617557388492,0.37542021946735615
50ff42ab6817cc867173d3cfb8bbadaad7f43349,1830,77.0992566928496,0.04213074136221289
c9614a5d2dd30f32dce5a74b37fad0d09b50db60,2,1.0000000000000002,0.5000000000000001
832ec66b76a50fab265b4884f3391d618ed2b269,123,0.7866824963254053,0.006395792653052076
b368d6f5c1f64aac78476aa9fbb8780d1b1c74cf,2880,5.1590595934615955,0.0017913401366186096
7acf13220b5898484ae3ab7c414dc6330cf4c9b3,527,23.425748060232575,0.044451134839150995
2f5179969791dcd10c24f3d9d1c2fb24966e058b,7,0.6875283246767451,0.09821833209667787
fc36f09e6034501da1587d448b07a0ecb34500f6,18,0.6837025803766151,0.03798347668758973
3e2f2329f2aab1c682102801eef22ecad25511ae,1144,75.92248879537952,0.066365811884073
23a5c24952f848403dba69191e5b4b713c858a7f,1316,4.58202920030568,0.003481785106615258
4931dfd62598c789b0f42096fdc1a114d799f10e,16,0.9982883283795764,0.06239302052372352
a1153bed35b7bb805f56bfc82a5d913f74d3d0d7,56,1.2011011281050064,0.021448234430446543
e1dc5a1965c95e3e6bcad42e9909cc35ca346930,32,4.540281039406718,0.14188378248145994
d248814db10fbe4c7052a6de4ed6a69dbe7cc94d,7,1.0,0.14285714285714285
be089cad74fefdeeab28e512bd752c9410c1ba05,60,0.5270301980519894,0.008783836634199823
29ad9956e09a39e4256c0f13f52a85e626dd9e5a,238,39.74024623329199,0.16697582450963022
c68a83122494706fc481793db8321e392503ebb5,527,23.525477176724902,0.044640374149383114
67a95045a5ba1d7918570c920f675bfbe4e92813,42,12.769243768978088,0.30402961354709734
c6ddda9667bdc7b176065bd868ab10d070262fd3,13318850,51563.67434454946,0.0038714809720470957
0d4e591f680453ae00e47e8c3d2c6b05d7b54062,297,1.3899733471561682,0.004680044939919758
41cc5cd57bcb777a65b28cec9059ca5809f9c0ff,500,11.859833003591156,0.02371966600718231
08882553071c18888813e5f553c7e9b2b9674eb6,20,1.5179156260649689,0.07589578130324845
cb0ad72cb19f1cc4fad8e66276e6cc887492fae2,35,5.0,0.14285714285714285
b8468ebce35e3486cc2f23cae622d09d17df1514,16,1.0,0.0625
447a709ef784e170884e09129a31d081e7dd4c29,49,8.616732896419506,0.1758516917636634
ffb6c72d8045267a2db6d4daeae0b917347a9ccc,6100,7.944643351010727,0.001302400549346021
dd2a9139377d2bc8c5842fd51add9a24636ee4d7,572,32.44761616429153,0.05672660168582436
ad465781ea4f593796bd21654d1ff4737ab12266,77,0.595704353828704,0.007736420179593559
db24fee2e23854f5f508260a6961de0bb8fe1bbd,1410,84.9121324648618,0.060221370542455174
15f3fb0669fd18fc95db810be5c8c6245f5e9339,104,0.6202181436924572,0.005963635997042858
6ba791e6ba0a8780b2d332ab6e080041263472d7,3,0.6746361633374367,0.2248787211124789
02fa7e5ca2697a6b7cfd7442e61555b395f1b826,56,0.5688452132549315,0.010157950236695206
74d4a2a82fa7431d0fb4242a964ee0d0de66ea23,231,12.506446900216421,0.054140462771499656
ec0e19ec52ac9fd44ca4bd0dfe904c9ebea73d02,570,1.6450588172797391,0.0028860681004907705
39cce2e0719c7b06edeeb4419d36130c6aeb9329,1890,1.708181751639168,9.037998685921524E-4
8ba636fba1ed6912dbbb417bc0339cacfaf84e19,12,2.0,0.16666666666666666
8c133042588285f22493f1abc54027b38383b081,5766,8.414571957384164,0.0014593430380478952
83578be10ad19349510441cb05c3e1542a475d94,28,1.0000000000000002,0.03571428571428572
4de3c3e5ae9c3d77d02bc0ea3bd594fb01d5980c,2414,6.007236153363388,0.002488498820780194
fc63dadeb0b3c2984a99fec7f40c283730510cfc,225,23.753573486460205,0.10557143771760091
ee7ea7cd8a303a7456096ecde7b2daefbb3c893e,6,1.0,0.16666666666666666
4a0343f57255af896d579823bfc2428cda971805,2829,97.98822547366252,0.03463705389666402
a86079afe7e5f497479e3307baa2363d9e4d5434,8,3.0033617557388492,0.37542021946735615
2fa836aaed496cab10025e3dc9a22391a3f8e2df,29606,395.8617456194805,0.013370997284992248
af5416f326da27fc547b01a3182eef2b80fd007b,4250,1.2343870643700812,2.9044401514590146E-4
40ad7f9dc3b0d012991253c3d65f695c7de6c2d8,392,1.1618335672264495,0.0029638611408837998
2f2ab71c2e8189cc41d3ba37fd8bd5d328d54228,1144,75.9620687258233,0.06640040972537002
b9ea493ac06ed22f513f1882a755b38271c73f81,2119,34.049250404124486,0.016068546674905374
84f276a230283235fbeb768991aefc815af3fb93,54,11.438168546448239,0.21181793604533775
abb8df0a34cf026681802cc9c1db68e6b46d12e5,50,7.477345444114583,0.14954690888229166
7c49c8d2532a69339279c2c3bbc91246034e47e8,30,6.599760426101929,0.21999201420339762
6ac76acdfe73b3fc10987da67c70c3b75c8cfad1,25,0.5752452380975861,0.023009809523903444
7e1753f291b00336c530a61fdc4b68c01b584dac,2556,8.569093469923896,0.0033525404811908825
24ddf8fc3807bc3d6ec6d1ecf21f43888b593ee1,66,1.2438183956677697,0.018845733267693482
8726c8f6ce3915585969e80aad875b72e3164299,154,19.495812561987375,0.1265961854674505
a6ab1d846f2468c4ac666107b5335dd7c997357b,247,34.2660516796795,0.13872895416874292
7db3d6cf3ce57daff5244198c9164f59d459fe0d,156,20.471456783228575,0.13122728707197803
2a3d6787c7d0dd598f3826850a21a557f5397b37,124,0.5284168891479899,0.004261426525387016
c5ee3aa33a8dc06b5237ecd71683027f4aa66f09,200,0.6371372492564139,0.0031856862462820695
1726672cf4171e4ad79a8817be8fff6ee657b1a5,82,0.9520338602721765,0.01161016902770947
fdea9fd669f84ff9b2682115b703ac63b4518257,78,7.380587787909667,0.09462292035781623
6d708ed00ca7aa5f8239fe13ce3d1aba1e7ab94f,387,1.2674204205712307,0.0032749881668507255
3cbd0c852fbc5027b9ecfc47d232ff4cfc8b3dc1,45,2.318069017217733,0.051512644827060736
ec3719d76c314c0f81a48cd318a9eea90689c15b,60,1.5392387867233044,0.02565397977872174
0e6854024d4185312c0fdca791ef17bdcedba6f9,6063,108.99723350385698,0.017977442438373244
21859650ffb401f3d9dfc02ee70c5a3896868362,252,1.132510656996033,0.004494089908714417
539d297c9858005e1179d2863313e7e87338a872,304,28.493300311710666,0.09372796155167983
e3785590c1ec80d67508eba3a34a451168f7ca83,972,1.4166269587497216,0.0014574351427466272
69710d3eaf9dd370c2d4ddecd95f67376f6d5e06,572,32.390346487727356,0.05662647987364922
fd3cdc326de50ca541b1d766484a4758034c391c,2626,6.7240669733469245,0.002560573866468745
1cf5ba50dd83eef7a63bf7c530821ad31f7bfd0c,626,2.3092131232868134,0.0036888388550907563
aab4536278d8f4c4b4b66270a997d1399ed79d57,304,20.80710897058323,0.0684444374032343
b66ecca5d7dbc8ac42546b3b9b63d746a171a396,696,0.6992361287751773,0.0010046496103091628
03d8b4156bc2f7acc9aded8badf51448acfd6e60,82,1.7296626349690993,0.021093446767915844
152183d48b74fcb373eb0d1d2f0d3e3650e07f3e,30,5.850269801953356,0.1950089933984452
c2fba8a6d4ce3f9d02750a68f8047597e0622f8a,2145,80.78517829729061,0.03766208778428467
aa9a3e51e2d9e266a93b5ba1d0ad4c19ad7b5cfd,60,2.2575355890286737,0.03762559315047789
67d4b78620c024ece82718d31c55fc9d4fabe373,160,20.37449152918401,0.12734057205740007
3a3f00e638540fb3ce923244dc2d514d7f862973,551,3.7303776236334927,0.006770195324198716
46589024f5fffd139734c31783bb6c8e4cf7e271,126,1.0000000000000002,0.007936507936507938
b6bb0e3364bbf046321ba83957a20551afa45955,4365,3.4332558351124183,7.865420011712299E-4
401ec28bbf9f6ecff3730c2e95929f6b6a746859,15,3.256547749024649,0.21710318326830993
8305355b32fdef6458a3843adb4a7d42e385c2e1,484,48.45876049274814,0.10012140597675236
d3feb9374069e6d930a38e5acf07018ff8ac7010,56,0.5367931074947352,0.009585591205263129
7fba5df0ec780717e2ee2b83d9ed367792a2de84,638,43.76530692271745,0.06859765975347562
6fb54fec23d8264903feab6ec74a111745b18a01,528,28.713844574353395,0.054382281390820825
ed3dbe7485e040a5dfec9244e3868b9ba2c76033,700,2.422668326890121,0.003460954752700173
6da6f2281fba58d62d29a81334895f8ee09f9792,1200,0.6053397903197012,5.044498252664176E-4
c8a573266ff828a36e9d2cac17093156d288205a,40,4.349745619258177,0.10874364048145442
eff085fe9b68f168e8c3276701ada135388b1c03,868,58.630996659048485,0.06754723117401899
1444173e6e35a2a34c28706901b306697877f23c,67,1.0,0.014925373134328358
4bb3dc157ab7e907dd5baa97eb1fa80ea471cb53,3,1.0,0.3333333333333333
3b7c0bb72e48a7c0c8b5afe9db5de4870a303f48,378,3.6196661837288104,0.009575836464891033
dace336b0da0687875d09aa2fc40e258490ae931,464,6.263248760761903,0.013498380949917895
9448638f5f9018ac7a006a2354578a4e607dba43,6003,19.139823563643322,0.003188376405737685
6a4a229cbecf8ed94fdde6f5efb0c3be6a13ce10,35,6.545898452202512,0.18702567006292892
d7b39faf74407f7b568192db893f5988adca2619,14184,12.71666214752162,8.965497847942484E-4
12795f6d304b209705bf2457a975934e8853d6da,40,0.5210780827406845,0.013026952068517112
91d6e9f0160e30d93aea326948db5ac024739e2f,294,11.19635725980076,0.03808284782245156
66fedd82dd7c8f707d81a489526dfe981001b2eb,49,2.36384441355431,0.048241722725598166
3a16fe92d05465c1dd4861d430a9969b6477953e,5,0.6467588658482374,0.12935177316964747
99ca885c12946065b518f8232a636aa606f9c004,528,36.77545208958015,0.06965047744238664
386ed2263f2204710cf5cd54f4a31b7f1aaed3ff,4,2.0,0.5
94c5f6e420bf362035f082816ed535525ad07f7e,182,20.30890663584038,0.11158739909802406
5114751c5de91c802d69a5171f2f7d9c5676931c,14042,462.61847720419973,0.03294534092039594
3ad911c5ee9340ffae833f339911cf295b9f4d11,70,5.54205908505119,0.07917227264358843
d56068c661fb474f8a7b8ba589d036b8a7fab5f8,35,6.366723144130058,0.18190637554657307
3478c389e1a9dcc210f7d821eabe8e05909b8808,72,15.068002639451604,0.20927781443682783
3ec3309faa307b2dcf03ea7510d43a0a6fcc9af1,27,3.656943379305244,0.1354423473816757
91edb244f2cb4bf1aa2c792d629753f060ac5a9e,1791,7.247296156057419,0.004046508183169971
2aff049506a20e7d2c576bb6736c4c3937f0c04e,270,0.5044723874252304,0.0018684162497230755
5297f02c5fe9472e835542efc2f870fee1cc5459,60,1.57956464764734,0.026326077460789
e454397f20fd0ea0bdcb7d7682f34daaa0094721,180,4.691451323470284,0.0260636184637238
f795a3a22dddcbb02a475e385008a255f451e8fa,110,19.47853864762754,0.17707762406934127
868ce83ec5bc5c1c90347701bc81eeaa433d729c,16,1.0,0.0625
b6e9699eef5444c02d6e86a01308245b793ce85c,3360,4.614882643880433,0.001373476977345367
29fb582d5b60139be0b5b1db225bd7026ab4511c,2556,8.040122554591568,0.003145587853909064
31246e2cd3356b224e5a5404ec0476f97241235b,1155,3.4843915138247863,0.0030167891894586894
0208ef7f7ab91baedbae5425068bc6c394e0d3ff,240,17.306120243844024,0.0721088343493501
632d15d660a1666e78f46cbb7d8e3d739ed04f97,1554,73.10800659113664,0.04704504928644572
b46c327160606861c416b46ed13f4e4deab443b7,221,19.386736883700543,0.08772279132896173
3c676a7d70eed39d05df0bc15afeccb937ce8d1a,63,12.016603562669761,0.19073973908999622
7a2f364af32f0fac5a82c159358c71f704bd8aee,180,0.5498701840246346,0.0030548343556924145
aaf1f28417b5c95115341e60017be2c74a9c3759,878,0.6658165066382286,7.583331510685974E-4
7993e58d496de890172ff8312809712dd5b11a24,420,36.8266263546591,0.08768244370156927
a2ba044679ff0ef81980d69b20acc6546335e610,12,3.0,0.25
6622f99b8d2254043e4e741752c6a889b076332b,4,1.0,0.25
51824ed10c4b367d8923de51ef7b55d7a8274ae5,17420,2876.1594529270183,0.16510674241831333
3d91aedd0a72436bd19991079629656729726b90,26,1.000543725984134,0.038482450999389774
0c72d2eb31e370bfed70df58c81d6aecc7166a06,15,4.680300153128312,0.31202001020855413
b70894333c6d173258a070242935f7babfc2f7a8,713,117.54093046088421,0.16485403991708866
87a798ae9528dee4e9bc7abda711df546c3b0ca9,306152,1333.1427697682313,0.004354512692284328
79d5f8b41e8c34be64c5b72bc6601215f129d0f1,713,117.54093046088421,0.16485403991708866
a429d58729acd16eea7ae05ee3ca073d2a38276f,10,0.511309307266652,0.051130930726665205
2da1c9d3425bc4ac1d8544bf09b6992eec7af8bb,24,0.8099766713417529,0.03374902797257304
2571d6e48bf756241d21c8de499c88620ac4131a,360,1.2690301482356436,0.0035250837450990103
be4b504db39e9ec36b98a468f4b1a6633e440b44,14042,467.1154440770663,0.03326559208638843
31ca63210433c66d1d941bf0b5cf9c9895f15038,16,0.5606311886389177,0.035039449289932356
8efca053d65f3521a6d40524f9dee6d49d8477da,195,20.325927409240947,0.1042355251755946
e6859dd7262b2e0dd9af47e22cbc41905464b012,24,4.594352001027081,0.1914313333761284
1fbb1a89e4f3633c2c1d5a59ee21b9318d7324fc,72,0.7060144096037481,0.009805755688940945
4f34d493c158d171927d9aaa5bb92584c385594a,154,19.798360261287833,0.12856078091745346
c918a306fc4dd3f403c047abe8321e645e440de7,805,4.520206618686808,0.005615163501474296
19ffdb4ab8ee281655ef9e597061e9af8a1006e9,35989,9.069851304053003,2.5201731929347864E-4
3cd645e4c550865f625834f1fe3e9e70a5a4e42c,608,2.8560331239897945,0.004697422901299004
ce1e8cc25ff991129033ceb90f23cb0e22298ded,20,1.837849894645042,0.0918924947322521
b73a9b3c56d9c0068fdd563c13b0b0eb61377426,528,36.775452089580156,0.06965047744238666
cad7e4320a214998300818864a08c48d999bad5f,462,48.84147359173429,0.10571747530678419
aff85c3030332744a51fa65d5612830b9a8684ae,1001,18.530723677581584,0.01851221146611547
f7d11a9d1c79fe8a7b40d50bce00b2943313c03f,156,20.417732515328108,0.13088290073928274
be4d73d7c38d9d49eec21199598c7897d2359563,1863,0.5693815415178859,3.056261629188867E-4
f0eba13df8159ef20ee5daf5962cd16281d029d8,28,1.0000000000000002,0.03571428571428572
e60b8b0a423ac354c0432fcd59d4ab8837644c53,624,18.933998244179378,0.03034294590413362
212ec883a4f08e75a78bf3d76b135dc1b3f59b0f,324,27.550709000871173,0.0850330524718246
ec3bdaccffced7f5e14ed35d5c59340c2bd34f7c,513,2.2834536082753205,0.004451176624318364
c1ee9ec8708f71cc3b0744542dd79bd673c92e9a,7,0.9999999999999998,0.14285714285714282
3888a423064bebc5bbd5d973dc3ad0087c66b427,452,0.5686191119687938,0.001258006884886712
03b3eb7e947a8cea70421fcc64c5abe2728865f5,14,1.0000000000000002,0.07142857142857144
cb8ea6e4a88cd2ee57ae69f13d2eded444c92f16,3888,3.2611239739377162,8.387664542020875E-4
f6b040d6d6a0c13655e085114d6a84d27833564d,864,47.999391260007826,0.05555485099537943
f7b23272d61fafad4ce634fead41862c235cfde9,195,19.41603584501037,0.09956941458979678
2254bcfeb5920a1ea08986c5aaae1b82e2fd40a7,240,33.61445391753379,0.14006022465639079
8114a0282d47d7862a49768134847cdbc99724f6,200,5.881182978782377,0.029405914893911884
ea6750dade5d3d5ffbf4138643bbf4a55f03eed9,24,2.587415420306989,0.10780897584612453
045049f156c2d69f1a4c5b4df8f375739fa46382,196,26.050162302912703,0.13290899134139134
06d0d4725ee1a79d7a826758073d06bd8db57498,376,2.765455289678071,0.007354934281058699
