00366ffaeb6fae2033bb7e93318b94842a6d94b9,270,13.0,0.04814814814814815
45b12f104472be0b9087e8e2e776b6cc1bf5efe7,110,4.0,0.03636363636363636
922f53e31873ed3651288d1fb93eaebae9716041,49,7.0,0.14285714285714285
87ddb21d6b24a8ceeb72db8cbd7bccf8bb349b43,2,1.0,0.5
a6efc3776b6d9b218e90c1d39a8d806f7609b2cc,2025,22.0,0.010864197530864197
d8e593595731b94bf0764f276cce9dd11ef717bb,300,11.0,0.03666666666666667
f4f21106cbf8338b6946e6f3d86ff3aaf4015970,40,4.0,0.1
53adf8702d5bdbaca56238feac2cf904db94e7b4,896,19.0,0.021205357142857144
3ebedb4a6283c4ba714a7059ea8b4b3ae57687a2,6,2.0,0.3333333333333333
9c69b1a1c7a5711c9bb53bc7d74ac5df060510fd,176,11.0,0.0625
975a312138c3490dc9db4e5c260784845e2904e9,196,13.0,0.0663265306122449
a0599e53efbe289f70783abb4377e93cf9268fcb,21,1.0,0.047619047619047616
a7ed24b3e90d3a894ecd033cb9878e72d2c6f187,135,6.0,0.044444444444444446
a4746d6e2389dd40feeb651e8ba51abd63c1f357,24,2.0,0.08333333333333333
5743f8bc969dfce0c1a0e3e346c8daa3c623c336,238,10.0,0.04201680672268908
230b78d33714b23824ebe074b5fab5f0f2014751,38,1.0000000000000002,0.026315789473684216
4521f03e15e880688a96a11c901577c262f4a09d,1444,31.0,0.02146814404432133
e90422fea1fd085282b34dfebdd938d7eb1fc429,3,1.0,0.3333333333333333
a4bba782e9ef1633d0e1fc5fe13968b81d0acc2e,40,4.0,0.1
717726baddf7216c833065dd60867d5a8312447a,28896,3.0,1.0382059800664452E-4
70c0bb2c3ce0f96e7e019e5f7f32630ebfbb7834,63,4.000000000000001,0.0634920634920635
fe9eaef2a3cd41182aa2e78470d7ed846e73f823,60,3.0,0.05
b565cea83514099d89d659e9fb85ee4bfce9e0b5,78,3.0,0.038461538461538464
b2f6fe8e01a3d9861b824d3a0d39e17c667a7b7e,300,11.0,0.03666666666666667
74b1e3264c5d76793a98b639379167c648083c30,154,9.0,0.05844155844155844
ae2cdb6069664810c7bfc049d250f4ad391164ec,135,6.0,0.044444444444444446
4985b097de34584b2622911336e9191508225321,9,1.0,0.1111111111111111
cd00e89d5e5fa0207b29b3585b6706cbf7b1eb14,30,4.0,0.13333333333333333
e7da721ffe832240e27d680c97acb0a23ff774f7,171,3.0,0.017543859649122806
d0fe2f203cd631657dbc47c8681122b63e373fe4,600,18.0,0.03
8abfc181f96c0dd598ef886217830e93e0b713a4,9,1.0,0.1111111111111111
85ca61fc0ae4246239bce69748423629d5210f4d,28,2.0,0.07142857142857142
aa15a0b3c0d6cea4ace49f859f8fbb051270bccc,121,10.0,0.08264462809917356
94e466466d0365e943215bd15acb4ea376dd68ee,2145,25.0,0.011655011655011656
1806ab31107a6f860f501dce7ab76ea5b307ebc0,462,12.0,0.025974025974025976
ea8a417efcb4076da1e65db1109c9c0d9a6664cc,27,2.0,0.07407407407407407
e2ab04896a35b05f51a21cc7151114dc08b68faa,35,5.0,0.14285714285714285
b6223409788a11ceb42a4419e9f58ab29d80aa77,638,13.0,0.02037617554858934
1ed56e6bcf72c6e056ed6d2be5d5f0e2270f74bb,528,7.0,0.013257575757575758
94635605a0ab55f1ba42ccc96c0e4200d59b2e22,12,2.0,0.16666666666666666
74b3659784b31b055fa87e43b2561181a9b4a923,420,15.0,0.03571428571428571
6df0ca991c977ce901f2df0ae9a4438c32ac15c0,38,2.0,0.05263157894736842
ceae8d41fb29163b66fbb19a06460b3af7bd9aa4,6,1.0000000000000002,0.1666666666666667
6c6fb15edfa2ea8572cb897b2cdb702e33f0e163,1830,18.0,0.009836065573770493
5945a2af2581a33cb2ebbdcde37c2843644c411d,176,11.0,0.0625
d37a273f3618baaf9c1cd555aad73625b7a8526c,8,1.0,0.125
6db537d855494b1a39efeaa2a7cf3019efadb732,304,9.0,0.029605263157894735
e9c064413a4c03ac16c4c052eafab8f9ace35142,208,5.0,0.02403846153846154
0979d5d12b62389d6e74af49e208dc793375432b,952,20.0,0.02100840336134454
68bc588fbedee8e8d3f1a8cf0850e86749405b45,135,9.0,0.06666666666666667
bbda9d7771c73906b34826dfff45666efe726459,480,9.0,0.01875
86e96ad69f49c7fcac310af9944d23cd2946aba3,144,5.0,0.034722222222222224
2950c41b872bf0839e4ebd76e3ace557a546f878,30,5.0,0.16666666666666666
ce9acc315e8dcf03a74f1f4c3b31c356c7c03606,72,3.0,0.041666666666666664
71b16c3ed7a41287517739d9bb74e597a4a0adf3,2119,7.0,0.0033034450212364322
a33aaad60afaff99dfe34298e0828642693abf4d,6,1.0000000000000002,0.1666666666666667
36636c094669234ea499d516aef40e9062e2eac3,7,1.0,0.14285714285714285
2c48d6630200c428abf45c87f17006a5cf3e0756,54,4.0,0.07407407407407407
441bcd13f58a20a6dde1ebd710aa8e5f04cc19aa,231,4.0,0.017316017316017316
4cb2d5d4d6186d3e97e0e14d1ea25581a9ef83f0,240,9.0,0.0375
a5a3a2865d62aea751d4f5ec44fbbf9a44cac5ea,30,2.0,0.06666666666666667
07ef6df2e3bc624109969e565141a2368128209a,1886,13.000000000000002,0.006892895015906682
efc14764808ec8dc49866d92f6367cd016d66403,312,2.0,0.00641025641025641
4580108a0214a0caf37d6901d16630acebec46f9,324,14.0,0.043209876543209874
2c97e4b3001d223db2e8fec2b9d1f0e56c8461d0,143,6.0,0.04195804195804196
d821cc5a029048413d58ea9be6887f8ed6712f14,2420,42.0,0.017355371900826446
b882f4005741b1fc248151ff5234e82d4f1b4daf,60,4.0,0.06666666666666667
bbbf47aff47d0a65154f599108e797fd6e17cc9d,40,4.0,0.1
66cb1a2e836d9a480fad36e733d4f68b41eee7fa,33,2.0,0.06060606060606061
b904c3ad03183a2f9ce543c5e4fbe6ec4ea2997a,200,4.0,0.02
fa714a0be28828a6f2bb25c27c2bc2b183fbd1eb,546,8.0,0.014652014652014652
b6256e230ff0a9613aa99b106270d98dd4593bdd,143,8.0,0.055944055944055944
f4a06dec969ab441b7bf5dac8bc659e1c8a7a3b4,1554,30.0,0.019305019305019305
c8b8fd6b4d11f0a32f3fd5e40d8626f1257a3d2f,8,2.0,0.25
50ff42ab6817cc867173d3cfb8bbadaad7f43349,1830,19.0,0.010382513661202186
c9614a5d2dd30f32dce5a74b37fad0d09b50db60,2,1.0000000000000002,0.5000000000000001
7acf13220b5898484ae3ab7c414dc6330cf4c9b3,527,10.0,0.018975332068311195
3e2f2329f2aab1c682102801eef22ecad25511ae,1144,18.0,0.015734265734265736
e1dc5a1965c95e3e6bcad42e9909cc35ca346930,32,1.0,0.03125
d248814db10fbe4c7052a6de4ed6a69dbe7cc94d,7,1.0,0.14285714285714285
29ad9956e09a39e4256c0f13f52a85e626dd9e5a,238,7.0,0.029411764705882353
c68a83122494706fc481793db8321e392503ebb5,527,10.0,0.018975332068311195
67a95045a5ba1d7918570c920f675bfbe4e92813,42,3.0,0.07142857142857142
c6ddda9667bdc7b176065bd868ab10d070262fd3,13318850,3589.0,2.694677092992263E-4
41cc5cd57bcb777a65b28cec9059ca5809f9c0ff,500,1.0000000000000002,0.0020000000000000005
08882553071c18888813e5f553c7e9b2b9674eb6,20,1.0,0.05
cb0ad72cb19f1cc4fad8e66276e6cc887492fae2,35,5.0,0.14285714285714285
b8468ebce35e3486cc2f23cae622d09d17df1514,16,1.0,0.0625
447a709ef784e170884e09129a31d081e7dd4c29,49,4.0,0.08163265306122448
dd2a9139377d2bc8c5842fd51add9a24636ee4d7,572,14.0,0.024475524475524476
db24fee2e23854f5f508260a6961de0bb8fe1bbd,1410,23.0,0.016312056737588652
74d4a2a82fa7431d0fb4242a964ee0d0de66ea23,231,3.0,0.012987012987012988
8ba636fba1ed6912dbbb417bc0339cacfaf84e19,12,2.0,0.16666666666666666
83578be10ad19349510441cb05c3e1542a475d94,28,1.0000000000000002,0.03571428571428572
4de3c3e5ae9c3d77d02bc0ea3bd594fb01d5980c,2414,2.0,8.285004142502071E-4
fc63dadeb0b3c2984a99fec7f40c283730510cfc,225,12.0,0.05333333333333334
ee7ea7cd8a303a7456096ecde7b2daefbb3c893e,6,1.0,0.16666666666666666
4a0343f57255af896d579823bfc2428cda971805,2829,30.0,0.010604453870625663
a86079afe7e5f497479e3307baa2363d9e4d5434,8,2.0,0.25
2fa836aaed496cab10025e3dc9a22391a3f8e2df,29606,77.0,0.0026008241572654193
2f2ab71c2e8189cc41d3ba37fd8bd5d328d54228,1144,13.0,0.011363636363636364
b9ea493ac06ed22f513f1882a755b38271c73f81,2119,7.0,0.0033034450212364322
84f276a230283235fbeb768991aefc815af3fb93,54,4.0,0.07407407407407407
abb8df0a34cf026681802cc9c1db68e6b46d12e5,50,5.0,0.1
7c49c8d2532a69339279c2c3bbc91246034e47e8,30,5.0,0.16666666666666666
8726c8f6ce3915585969e80aad875b72e3164299,154,13.0,0.08441558441558442
a6ab1d846f2468c4ac666107b5335dd7c997357b,247,8.0,0.032388663967611336
7db3d6cf3ce57daff5244198c9164f59d459fe0d,156,7.0,0.04487179487179487
fdea9fd669f84ff9b2682115b703ac63b4518257,78,3.0,0.038461538461538464
0e6854024d4185312c0fdca791ef17bdcedba6f9,6063,30.0,0.004948045522018802
539d297c9858005e1179d2863313e7e87338a872,304,14.0,0.046052631578947366
69710d3eaf9dd370c2d4ddecd95f67376f6d5e06,572,15.0,0.026223776223776224
fd3cdc326de50ca541b1d766484a4758034c391c,2626,1.0,3.808073115003808E-4
aab4536278d8f4c4b4b66270a997d1399ed79d57,304,9.0,0.029605263157894735
152183d48b74fcb373eb0d1d2f0d3e3650e07f3e,30,1.0,0.03333333333333333
c2fba8a6d4ce3f9d02750a68f8047597e0622f8a,2145,25.0,0.011655011655011656
67d4b78620c024ece82718d31c55fc9d4fabe373,160,9.0,0.05625
46589024f5fffd139734c31783bb6c8e4cf7e271,126,1.0000000000000002,0.007936507936507938
401ec28bbf9f6ecff3730c2e95929f6b6a746859,15,2.0,0.13333333333333333
8305355b32fdef6458a3843adb4a7d42e385c2e1,484,15.0,0.030991735537190084
7fba5df0ec780717e2ee2b83d9ed367792a2de84,638,13.0,0.02037617554858934
6fb54fec23d8264903feab6ec74a111745b18a01,528,7.0,0.013257575757575758
c8a573266ff828a36e9d2cac17093156d288205a,40,1.0000000000000002,0.025000000000000005
eff085fe9b68f168e8c3276701ada135388b1c03,868,21.0,0.024193548387096774
1444173e6e35a2a34c28706901b306697877f23c,67,1.0,0.014925373134328358
4bb3dc157ab7e907dd5baa97eb1fa80ea471cb53,3,1.0,0.3333333333333333
6a4a229cbecf8ed94fdde6f5efb0c3be6a13ce10,35,4.0,0.11428571428571428
91d6e9f0160e30d93aea326948db5ac024739e2f,294,4.0,0.013605442176870748
99ca885c12946065b518f8232a636aa606f9c004,528,10.0,0.01893939393939394
386ed2263f2204710cf5cd54f4a31b7f1aaed3ff,4,2.0,0.5
94c5f6e420bf362035f082816ed535525ad07f7e,182,8.0,0.04395604395604396
5114751c5de91c802d69a5171f2f7d9c5676931c,14042,79.0,0.005625979205241418
3ad911c5ee9340ffae833f339911cf295b9f4d11,70,2.0000000000000004,0.028571428571428577
d56068c661fb474f8a7b8ba589d036b8a7fab5f8,35,2.0,0.05714285714285714
3478c389e1a9dcc210f7d821eabe8e05909b8808,72,6.0,0.08333333333333333
3ec3309faa307b2dcf03ea7510d43a0a6fcc9af1,27,2.0,0.07407407407407407
f795a3a22dddcbb02a475e385008a255f451e8fa,110,4.0,0.03636363636363636
868ce83ec5bc5c1c90347701bc81eeaa433d729c,16,1.0,0.0625
0208ef7f7ab91baedbae5425068bc6c394e0d3ff,240,8.0,0.03333333333333333
632d15d660a1666e78f46cbb7d8e3d739ed04f97,1554,31.0,0.019948519948519948
b46c327160606861c416b46ed13f4e4deab443b7,221,8.0,0.03619909502262444
3c676a7d70eed39d05df0bc15afeccb937ce8d1a,63,3.0,0.047619047619047616
7993e58d496de890172ff8312809712dd5b11a24,420,15.0,0.03571428571428571
a2ba044679ff0ef81980d69b20acc6546335e610,12,3.0,0.25
6622f99b8d2254043e4e741752c6a889b076332b,4,1.0,0.25
51824ed10c4b367d8923de51ef7b55d7a8274ae5,17420,369.0,0.02118254879448909
0c72d2eb31e370bfed70df58c81d6aecc7166a06,15,1.0000000000000002,0.06666666666666668
b70894333c6d173258a070242935f7babfc2f7a8,713,17.0,0.023842917251051893
87a798ae9528dee4e9bc7abda711df546c3b0ca9,306152,177.0,5.7814418981421E-4
79d5f8b41e8c34be64c5b72bc6601215f129d0f1,713,17.0,0.023842917251051893
be4b504db39e9ec36b98a468f4b1a6633e440b44,14042,127.0,0.009044295684375444
8efca053d65f3521a6d40524f9dee6d49d8477da,195,8.0,0.041025641025641026
e6859dd7262b2e0dd9af47e22cbc41905464b012,24,2.0,0.08333333333333333
4f34d493c158d171927d9aaa5bb92584c385594a,154,9.0,0.05844155844155844
b73a9b3c56d9c0068fdd563c13b0b0eb61377426,528,10.0,0.01893939393939394
cad7e4320a214998300818864a08c48d999bad5f,462,12.0,0.025974025974025976
f7d11a9d1c79fe8a7b40d50bce00b2943313c03f,156,7.0,0.04487179487179487
f0eba13df8159ef20ee5daf5962cd16281d029d8,28,1.0000000000000002,0.03571428571428572
212ec883a4f08e75a78bf3d76b135dc1b3f59b0f,324,10.0,0.030864197530864196
03b3eb7e947a8cea70421fcc64c5abe2728865f5,14,1.0000000000000002,0.07142857142857144
f6b040d6d6a0c13655e085114d6a84d27833564d,864,21.0,0.024305555555555556
f7b23272d61fafad4ce634fead41862c235cfde9,195,8.0,0.041025641025641026
2254bcfeb5920a1ea08986c5aaae1b82e2fd40a7,240,11.0,0.04583333333333333
8114a0282d47d7862a49768134847cdbc99724f6,200,5.0,0.025
ea6750dade5d3d5ffbf4138643bbf4a55f03eed9,24,2.0,0.08333333333333333
045049f156c2d69f1a4c5b4df8f375739fa46382,196,13.0,0.0663265306122449
