8de4745a960e726e0c5bb9fd33bcae55382bb7c3,65,0.7399524882482178,0.011383884434587967
00366ffaeb6fae2033bb7e93318b94842a6d94b9,270,45.72540081043957,0.16935333633496136
e4733c9ca6b02af8ef8a92e006ec851187ea30a6,2844,10.95793935570077,0.0038530025863926756
6290be256137834b948e91c02939d4a919078587,924,6.157700503546728,0.00666417803414148
a588725f6514e8e47b74e249c83e782670f63a67,258,6.16140340356477,0.02388140854094872
f13fc91360321e35335f34d9ad426f5bb3818557,132,4.761643841189394,0.036073059402949956
0e13740969bf4ee4ff35e0fd0a90c6119e524fd3,208,4.681539773182415,0.022507402755684688
754cf0f25a2c3d11c589ebeac55898cccd2d1627,800,14.484009441725167,0.01810501180215646
fe3ec1a6ec6553ba95740f59452492b60a31e98c,42,0.13188507365057342,0.0031401208012041292
45b12f104472be0b9087e8e2e776b6cc1bf5efe7,110,21.46056658762294,0.19509605988748127
9032f7f5c52b20945bf6cf6bf6b547d8ba30289c,2413,20.850503407583503,0.008640904851878782
695bf5651387af4fcfda2fdbb4fa2226d9cfc76d,384,2.1331625239666434,0.005555110739496467
922f53e31873ed3651288d1fb93eaebae9716041,49,12.06655973850752,0.246256321194031
0b12d03b6ff9e7009a343ef5668d0e1b120ab951,24,0.38057117375248584,0.01585713223968691
87ddb21d6b24a8ceeb72db8cbd7bccf8bb349b43,2,1.0,0.5
ae0984b6b117a9dd16fa7299d876a5829927dd76,1140,11.670952857873464,0.01023767794550304
cd7693fdceb12ba1bf4ec913e4ada1b90858e527,5916,36.79443163846344,0.00621947796458138
a6efc3776b6d9b218e90c1d39a8d806f7609b2cc,2025,162.81054499623932,0.08040026913394534
d8e593595731b94bf0764f276cce9dd11ef717bb,300,40.24973905619061,0.1341657968539687
f4f21106cbf8338b6946e6f3d86ff3aaf4015970,40,7.022619396322545,0.17556548490806362
53adf8702d5bdbaca56238feac2cf904db94e7b4,896,75.52985575483633,0.08429671401209413
3ebedb4a6283c4ba714a7059ea8b4b3ae57687a2,6,2.0,0.3333333333333333
8b30fa40c133393abe83e45745509b7acb72e3e2,40,0.44275395953826324,0.011068848988456581
9c69b1a1c7a5711c9bb53bc7d74ac5df060510fd,176,24.55261582848698,0.13950349902549422
975a312138c3490dc9db4e5c260784845e2904e9,196,33.897745712735016,0.17294768220783172
0da4c693d3e1aa3d5506089887ee013964cce0bf,1629,17.54027872711013,0.010767513030761284
74e216dacc3695b08605e85d2ca4eab700bf5285,80,0.126336090411733,0.0015792011301466625
de9607e69f6d85090afc6c92da4e1e29800bb80d,994,5.399460972207496,0.005432053291959252
7e5ce59c6c2727479d445f894f625e2295204154,22,0.10923533929475804,0.004965242695216274
6fe4a1ebeb409009dc2a5ef97d594a9387de4201,74,1.0518437963540674,0.014214105356136047
df13b1ed46b8f4c8a83a47931c805351b95bc7bc,7,0.39202788416960166,0.056003983452800235
a0599e53efbe289f70783abb4377e93cf9268fcb,21,1.0,0.047619047619047616
a7ed24b3e90d3a894ecd033cb9878e72d2c6f187,135,20.622749230684544,0.15276110541247812
7ee8f467fc1856afc5cc89db13df0bf7e98add6a,21,0.3678044810287945,0.01751449909660926
a4746d6e2389dd40feeb651e8ba51abd63c1f357,24,5.149018448961755,0.21454243537340645
6cf4b3ab8be48486ff3d779cd5ed46d0a7c32225,144,7.235031190699995,0.05024327215763885
baec2be64238dd8f4a9be43d3447a7b84fa88737,51,0.43563439444030705,0.00854185087137857
26557074565cfbb6b6d561cd9b8631c08341198f,54,3.5207153470932426,0.06519843235357857
5743f8bc969dfce0c1a0e3e346c8daa3c623c336,238,47.054984983736546,0.1977100209400695
2fb9a662aa3188d0e967a03f17c0cbfb084537e7,2145,31.508652839450228,0.01468934864310034
f500cc0eee0fe6d4fc5b22a8d391a7e2f8d751bd,1225,27.50869037333621,0.02245607377415201
230b78d33714b23824ebe074b5fab5f0f2014751,38,5.699496565293511,0.14998675171825027
471c332001e995646a61de52097e8a39ecaa2659,500,1.3018480481219932,0.0026036960962439863
4521f03e15e880688a96a11c901577c262f4a09d,1444,111.71142085040701,0.07736247981330126
009e307dba63236b2a7a952e8a27bb8c32ec1b64,700,12.600065923641598,0.018000094176630854
e90422fea1fd085282b34dfebdd938d7eb1fc429,3,1.0,0.3333333333333333
745f36832d885807ee89f848d73c695cac0b657c,66,1.340248963711898,0.0203068024804833
a4bba782e9ef1633d0e1fc5fe13968b81d0acc2e,40,7.101579752934334,0.17753949382335835
717726baddf7216c833065dd60867d5a8312447a,28896,146.79573209385433,0.005080140230269045
e51804b77fc58de1182222c06d931f14ccf48d6c,2142,16.225346822055815,0.007574858460343518
df7517007d5d922ea38e318f38e31ad147539034,1771,107.64207106096758,0.06078039020946786
cb23e294caba222311b4f14c145da75b6c2ec59c,8,0.1254673870769535,0.01568342338461919
acf0bbbc987bf843c6d6747725678fda922d7b15,1452,23.361095628252176,0.016088908834884418
734704676d5bd121992fc47c9cee83aa8f9c8fcd,924,4.386484208235064,0.00474727728163968
de603127130915f84863cac63e60ea037572f836,116,2.972912949006262,0.025628559905226396
53c3f98bb2be11eae603b71691317d31d45c2dcf,57,0.12851114461083202,0.0022545814844005616
d7478efad3b7b16f94b822801f4c9aa414576813,90,0.26211987724232766,0.0029124430804703073
166a486bc8805f341f8b9d27889697ecdd9d85fc,506,7.551623650347135,0.01492415741175323
70c0bb2c3ce0f96e7e019e5f7f32630ebfbb7834,63,15.737602275970168,0.2498032107296852
fe9eaef2a3cd41182aa2e78470d7ed846e73f823,60,17.12697514408873,0.28544958573481216
07860f72b6afd0112edd3bb02505a2cfc241c005,384,10.282780812088507,0.026778075031480487
bae9ffccf678420e15875b650e37db0568c12139,165,7.632885365906099,0.04625991130852181
b565cea83514099d89d659e9fb85ee4bfce9e0b5,78,9.987117209207005,0.12803996422060263
b2f6fe8e01a3d9861b824d3a0d39e17c667a7b7e,300,40.24973905619062,0.13416579685396873
d0a0aaf073c28dc26a33e73b360267ef17c219c3,22230,188.73220391865465,0.008489977684150007
ab6e34965a6bd8b92cd1b29e8327d28ba56f7d46,105,3.0274877670385805,0.02883321682893886
961282db9d3a4f8196d79094f9b56b52bf944cff,208,22.07833442375825,0.10614583857576082
a98ed1640638b180563194e8ca5c21064c82d8eb,99,1.9010698356546603,0.019202725612673336
74b1e3264c5d76793a98b639379167c648083c30,154,25.723699774524107,0.1670370115228838
41eb015f4c8fce72ebd824c7b5a8b9c1c0abae98,300,22.678491484045193,0.07559497161348397
ae2cdb6069664810c7bfc049d250f4ad391164ec,135,21.877165660917623,0.16205307896976018
4985b097de34584b2622911336e9191508225321,9,1.0,0.1111111111111111
854e5dd849bd7687a1afc29fd1c15057d3064649,774,15.982076676894,0.02064867787712403
cd00e89d5e5fa0207b29b3585b6706cbf7b1eb14,30,8.507741288426764,0.28359137628089215
1e4b7a0f79b5d436392b85a3b502ad49c65ba1fe,150,1.5169663105595708,0.010113108737063805
c17fb14e3d59cbf780ee6ae32488de233f3fae1d,1025,16.666935252153163,0.016260424636246988
e7da721ffe832240e27d680c97acb0a23ff774f7,171,19.748892555376344,0.11549059973904295
5c92e2b98939d18fbc2ea78d0a7bdcb54e35cdb5,275,2.625866343837713,0.009548604886682592
f3c0f3d749f6e5f2db3bb92bb75f7e3dc26e0ccc,486,6.450919491633585,0.013273496896365401
d0fe2f203cd631657dbc47c8681122b63e373fe4,600,65.90377391087885,0.10983962318479809
8abfc181f96c0dd598ef886217830e93e0b713a4,9,1.0,0.1111111111111111
85ca61fc0ae4246239bce69748423629d5210f4d,28,5.318358074580376,0.18994135980644197
b6844d9752f1dafe60b1eacd437d9298d0d5c3e5,450,6.883759512197949,0.015297243360439888
aa15a0b3c0d6cea4ace49f859f8fbb051270bccc,121,29.029074427562207,0.2399097060129108
94e466466d0365e943215bd15acb4ea376dd68ee,2145,105.58129824005873,0.04922205046156584
1806ab31107a6f860f501dce7ab76ea5b307ebc0,462,60.05683981416937,0.12999315977092937
ea8a417efcb4076da1e65db1109c9c0d9a6664cc,27,4.2669375933217655,0.1580347256785839
3fa3d64ac43c51fb5671646344155874e8ee1801,356,0.8697497249026456,0.0024431172047827123
e2ab04896a35b05f51a21cc7151114dc08b68faa,35,7.736813707263814,0.22105182020753755
b6223409788a11ceb42a4419e9f58ab29d80aa77,638,81.24367392084449,0.12734118169411363
fbd47e59bd0a06023bbe4a9b9d55335bc40ccaef,30,0.15555923654680595,0.005185307884893532
1ed56e6bcf72c6e056ed6d2be5d5f0e2270f74bb,528,46.90892292102243,0.08884265704739097
94635605a0ab55f1ba42ccc96c0e4200d59b2e22,12,3.6349686354965165,0.302914052958043
74b3659784b31b055fa87e43b2561181a9b4a923,420,46.47088856890639,0.11064497278311045
6df0ca991c977ce901f2df0ae9a4438c32ac15c0,38,4.488796086683706,0.11812621280746595
e7dd64c11d0ed9dd859f0d75fc9589935891cda1,176,2.9737412084327275,0.01689625686609504
e3554f9071576d4872858971e061e4342c0dca66,480,5.0053267270728545,0.010427764014735113
01bf670587df8a3e20017c783d987c49358952f4,43,4.1808214963435635,0.09722840689171078
ceae8d41fb29163b66fbb19a06460b3af7bd9aa4,6,1.0000000000000002,0.1666666666666667
6c6fb15edfa2ea8572cb897b2cdb702e33f0e163,1830,128.70105387133896,0.0703284447384366
5945a2af2581a33cb2ebbdcde37c2843644c411d,176,24.55261582848698,0.13950349902549422
80bf7f3d4c1ab241bc5f964597342affbe51cd4c,812,4.835126256540568,0.005954588985887399
ad672ae9500a5c4b3752dcf09f458c0e964395f1,9,0.13518629219056624,0.015020699132285138
2d8ded4f0c4b134354b82b0831d4309b55a1c97f,805,5.599014851857313,0.00695529795261778
55c781c6fdd18691ddea626a5b77e965a7b1b3b9,33,0.2801771218060461,0.008490215812304427
d37a273f3618baaf9c1cd555aad73625b7a8526c,8,1.0,0.125
6db537d855494b1a39efeaa2a7cf3019efadb732,304,36.67035728193301,0.12062617526951647
e9c064413a4c03ac16c4c052eafab8f9ace35142,208,30.318725265244222,0.14576310223675107
1e18aaa071811194eb68c25c2d42844ed2f2aa7b,20,0.11923862697507782,0.005961931348753891
351a0c9f70d8422c6a495a359c95acdad0273a1a,68,1.6806202243202732,0.02471500329882755
ac2e74da98e942180fdb04f17ce1c9dc7ca63866,480,14.346987532981448,0.029889557360378016
1a6ad677d2da86080e2ff0e0def4e700f5e3498d,62,2.0351124260207945,0.03282439396807733
7f9023feaef35d9cf23d3402098dfca6a2bb5ae0,330,3.7433076651376846,0.011343356561023287
e5371bef0a22bc5f8029532249d105ed77f7e3b8,424,0.6877262875387173,0.0016219959611762202
f01a4e989dc5f8d448dc467061f5afa283416798,66,1.2053244966495622,0.018262492373478215
0979d5d12b62389d6e74af49e208dc793375432b,952,88.0336016529517,0.09247227064385682
68bc588fbedee8e8d3f1a8cf0850e86749405b45,135,21.969392096761755,0.16273623775379079
293ba6f6fd02e7fc38efe5742067d8456c60c18d,312,2.0807492427298584,0.006669068085672623
bbda9d7771c73906b34826dfff45666efe726459,480,21.184329765533036,0.04413402034486049
86e96ad69f49c7fcac310af9944d23cd2946aba3,144,17.403887541285908,0.1208603301478188
2950c41b872bf0839e4ebd76e3ace557a546f878,30,9.316393545927465,0.3105464515309155
ce9acc315e8dcf03a74f1f4c3b31c356c7c03606,72,13.956666490768859,0.19384259014956748
71b16c3ed7a41287517739d9bb74e597a4a0adf3,2119,97.83559907725058,0.04617064609591816
f416ddead5e03ac8e05bd7dae2d0bc12a614f5cf,72,0.12282787249949509,0.0017059426736040985
e7e6578c29f4192707b16c931b60532a6cbbc4b9,110,3.978312086740004,0.03616647351581822
4d9a95e0a359080fd94f0fd8c9cd40d9fc634361,616,1.972657492601377,0.0032023660594178195
682b856f3d5b40286e8dd6d7429f003b1fe1b67e,168,0.5529796085281893,0.0032915452888582697
cbabd20f7c858be60c81592bd614314cf2588ba5,40,0.8385247871764627,0.020963119679411567
2f4292635cd8762950132e3e4e1f6558c40a504f,6,0.1490335192359839,0.024838919872663984
2a70a8b7265c278277572e744f52b7bb05b7401a,700,3.9988044221183237,0.0057125777458833195
a33aaad60afaff99dfe34298e0828642693abf4d,6,1.0000000000000002,0.1666666666666667
36636c094669234ea499d516aef40e9062e2eac3,7,1.4829489576663597,0.21184985109519425
2c48d6630200c428abf45c87f17006a5cf3e0756,54,12.362345575180795,0.228932325466311
37ac33c5a99da2278b0d3a8b05ce10943abab93a,30,0.3687259704497114,0.012290865681657047
0b7fb95430087a29ca94d9cf949462fbf986dbde,13,0.24816082822849111,0.019089294479114702
441bcd13f58a20a6dde1ebd710aa8e5f04cc19aa,231,18.32314199488829,0.07932096101683242
a55645d008f933cae4a5e70860de6ddfa0c2b063,4,0.1251600761639794,0.03129001904099485
a0b30621e267e78ec0843c3a4db3ed237d6744af,105,1.4150000290919282,0.01347619075325646
73ba75d30be640a545a86b9f456183f8ab58a925,245,2.460538096889458,0.010043012640365135
6d9a2565529025a511ec2b995891c742ead8a222,1650,15.652052648012377,0.009486092513946895
4cb2d5d4d6186d3e97e0e14d1ea25581a9ef83f0,240,22.180252930558158,0.09241772054399232
a5a3a2865d62aea751d4f5ec44fbbf9a44cac5ea,30,7.0107679454545355,0.23369226484848452
07ef6df2e3bc624109969e565141a2368128209a,1886,82.71944252675976,0.04385972562394473
efc14764808ec8dc49866d92f6367cd016d66403,312,2.9859805577633827,0.009570450505651867
8ed06bf96bcb16cec7c84ad3be0a37ab0cc75203,140,4.6463352683053385,0.033188109059323845
08f0d3b4615c81eb16ea01d8f4c712dacf93caee,186,6.073274445273168,0.03265201314662994
4580108a0214a0caf37d6901d16630acebec46f9,324,50.682308984148584,0.1564268795807055
ca42a6a921164e74090211af53c96d29e949a5e3,7,1.9247381732489617,0.2749625961784231
2c97e4b3001d223db2e8fec2b9d1f0e56c8461d0,143,21.973225493862124,0.15365891953749736
e808cb84889cbcf6d53d611699aa1b50ffe03f5e,18,0.39336402332207965,0.021853556851226648
d821cc5a029048413d58ea9be6887f8ed6712f14,2420,246.90222789503093,0.10202571400621113
b882f4005741b1fc248151ff5234e82d4f1b4daf,60,17.67840685769583,0.2946401142949305
bbbf47aff47d0a65154f599108e797fd6e17cc9d,40,7.022619396322545,0.17556548490806362
9007375ca0683a64b0e44c8e517d63c885c46242,18,0.18966477870172824,0.010536932150096013
68feed6ea59e959a1fc1b4cb43e144c6b737ab3a,126,0.2674487750065978,0.002122609325449189
478c3c306143491501b485dd641280dd410c1716,264,4.789822444817232,0.01814326683642891
faa01c81d5d8ba2c1050f209724fd9a1f8690b80,25,0.6908539993968936,0.027634159975875747
66cb1a2e836d9a480fad36e733d4f68b41eee7fa,33,4.825013129897994,0.146212519087818
a4b266d2950d56ff62de9b00d50a58a568231063,98,1.2983190044553723,0.013248153106687472
b904c3ad03183a2f9ce543c5e4fbe6ec4ea2997a,200,11.063418479052682,0.05531709239526341
fa714a0be28828a6f2bb25c27c2bc2b183fbd1eb,546,68.9227715044117,0.12623218224251226
b6256e230ff0a9613aa99b106270d98dd4593bdd,143,28.531606527928066,0.19952172397152493
7322da961ba933bc35e14f2c959f728572988e0f,924,25.394904029937784,0.02748366237006254
78459d3cd381ecfc6f0527c760676c171c849fb1,216,0.7418327149477495,0.003434410717350692
f4a06dec969ab441b7bf5dac8bc659e1c8a7a3b4,1554,106.37995866709618,0.06845557185784824
c8b8fd6b4d11f0a32f3fd5e40d8626f1257a3d2f,8,3.0033617557388492,0.37542021946735615
50ff42ab6817cc867173d3cfb8bbadaad7f43349,1830,131.22842627496536,0.07170952255462588
768469fe4d1340efe1036453366a58c9ab7e30d1,5,0.25945913751338107,0.051891827502676215
c9614a5d2dd30f32dce5a74b37fad0d09b50db60,2,1.0000000000000002,0.5000000000000001
832ec66b76a50fab265b4884f3391d618ed2b269,123,5.1178597557285865,0.04160861590023241
b368d6f5c1f64aac78476aa9fbb8780d1b1c74cf,2880,74.49874422219017,0.025867619521593808
7acf13220b5898484ae3ab7c414dc6330cf4c9b3,527,58.53116154747865,0.11106482267073749
2f5179969791dcd10c24f3d9d1c2fb24966e058b,7,1.2473843428765021,0.17819776326807174
fc36f09e6034501da1587d448b07a0ecb34500f6,18,1.6063424752347195,0.08924124862415109
3e2f2329f2aab1c682102801eef22ecad25511ae,1144,120.44517683605143,0.10528424548605894
23a5c24952f848403dba69191e5b4b713c858a7f,1316,18.675651650765033,0.014191224658636044
7a475010d0fd93ece6cc00ee5f4bc77ddeda6638,84,1.9478328479171085,0.023188486284727482
4931dfd62598c789b0f42096fdc1a114d799f10e,16,2.4391699906506843,0.15244812441566777
a1153bed35b7bb805f56bfc82a5d913f74d3d0d7,56,1.474874424712341,0.026337043298434663
72557bdf444427b5976baa84ae97662797653926,360,12.98319206040501,0.036064422390013916
e1dc5a1965c95e3e6bcad42e9909cc35ca346930,32,5.674834060377929,0.17733856438681028
c4b5d92a6f18318809de1ee265d2958266631cc9,51,0.1379355570551811,0.0027046187657878648
d248814db10fbe4c7052a6de4ed6a69dbe7cc94d,7,1.4829489576663597,0.21184985109519425
be089cad74fefdeeab28e512bd752c9410c1ba05,60,1.1301860177706535,0.01883643362951089
29ad9956e09a39e4256c0f13f52a85e626dd9e5a,238,48.52884741478571,0.20390272023019204
0643d6e1c5ed5b23ab843f7ae03e55fca143382d,86,0.5413052035263773,0.006294246552632295
c68a83122494706fc481793db8321e392503ebb5,527,58.97654479093647,0.11190995216496484
9d73b9e155f2372ba18987b2fb7239988e00351e,3060,32.58688843559501,0.010649309946272879
67a95045a5ba1d7918570c920f675bfbe4e92813,42,12.769243768978088,0.30402961354709734
c6ddda9667bdc7b176065bd868ab10d070262fd3,13318850,250589.38645730994,0.01881464138850651
0d4e591f680453ae00e47e8c3d2c6b05d7b54062,297,7.415148405378298,0.02496682964773838
2b164c377bf8b0fc245eb244a3ff96b0ea326304,504,4.005669669427502,0.007947757280610123
41cc5cd57bcb777a65b28cec9059ca5809f9c0ff,500,26.7574390383685,0.053514878076737
155a801531e7e48e024da2882a03ed22f28fe59b,1534,7.88139035705774,0.005137803361836858
692d75efa7f102cd6f4c839e9f89289d99158f20,40,0.32633612531506195,0.008158403132876548
08882553071c18888813e5f553c7e9b2b9674eb6,20,2.0788590661683486,0.10394295330841744
6dfe7e1d1a0afec6ab9feed1a5bd38d4ee9cf01c,78,0.14066109541978333,0.0018033473771767094
cb0ad72cb19f1cc4fad8e66276e6cc887492fae2,35,6.5739928890038595,0.18782836825725313
b8468ebce35e3486cc2f23cae622d09d17df1514,16,1.318614158044114,0.08241338487775712
fa1df506c94017d192dd8f72082cc95b60b5e8cd,47,0.11469296043653782,0.00244027575396889
19a210f69c4eb22ac0e3031435bc31c90d38db09,27,0.14179166927894485,0.005251543306627587
fa46812ffcb2f205c9b2d3fddd642b614354ae69,14,0.3578047426097508,0.0255574816149822
447a709ef784e170884e09129a31d081e7dd4c29,49,9.510485461340522,0.1940915400273576
ffb6c72d8045267a2db6d4daeae0b917347a9ccc,6100,31.43160080894936,0.005152721444090059
5e0f409717d12e571a7351937ed4eb55e68b8e19,244,0.5168453064125691,0.002118218468903972
cc55efd34302dd3f5df55d3889530a777a59f08c,72,0.12520366306100467,0.001738939764736176
dd2a9139377d2bc8c5842fd51add9a24636ee4d7,572,51.816427348833884,0.09058815970075854
ad465781ea4f593796bd21654d1ff4737ab12266,77,2.0718279153562,0.026906856043587012
db24fee2e23854f5f508260a6961de0bb8fe1bbd,1410,128.1595242715263,0.09089327962519596
15f3fb0669fd18fc95db810be5c8c6245f5e9339,104,3.10349266640359,0.029841275638496055
f97f2b2f326a293271fe0160ad746d624177de34,5,0.2560968203997877,0.051219364079957544
6ba791e6ba0a8780b2d332ab6e080041263472d7,3,0.6746361633374367,0.2248787211124789
8cbaefe173f9c9f0695611f405732a60181fa6c6,76,1.5046344138119914,0.019797821234368306
02fa7e5ca2697a6b7cfd7442e61555b395f1b826,56,2.3816949880328715,0.042530267643444135
74d4a2a82fa7431d0fb4242a964ee0d0de66ea23,231,17.99486015255903,0.07789982750025555
ec0e19ec52ac9fd44ca4bd0dfe904c9ebea73d02,570,11.076588801746874,0.019432611932889254
39cce2e0719c7b06edeeb4419d36130c6aeb9329,1890,15.686782848819837,0.00829988510519568
8ba636fba1ed6912dbbb417bc0339cacfaf84e19,12,3.6349686354965165,0.302914052958043
555e73c16432fb5aaeeefa8c9f4758aaf8055ba0,909,8.336000345109092,0.009170517431363137
8c133042588285f22493f1abc54027b38383b081,5766,68.81803660499826,0.011935143358480447
83578be10ad19349510441cb05c3e1542a475d94,28,1.2672432511777918,0.04525868754206399
4de3c3e5ae9c3d77d02bc0ea3bd594fb01d5980c,2414,26.98023860909446,0.011176569432102096
fc63dadeb0b3c2984a99fec7f40c283730510cfc,225,37.57642638793249,0.1670063395019222
faee5b92b78cce23ec07b1d5dfd14b013de0d07e,19,0.11207570194689012,0.00589872115509948
ee7ea7cd8a303a7456096ecde7b2daefbb3c893e,6,1.0,0.16666666666666666
4a0343f57255af896d579823bfc2428cda971805,2829,151.97395866036558,0.05372002780500727
541501cfb447c8278065775c7846b93b0fda16eb,340,1.3268743889740355,0.003902571732276575
a86079afe7e5f497479e3307baa2363d9e4d5434,8,3.0033617557388492,0.37542021946735615
2fa836aaed496cab10025e3dc9a22391a3f8e2df,29606,1193.205523402984,0.040302827920117
a530193a90ae39551c4e7a16e6c8bee6d7e581cd,36,0.17519477800574507,0.004866521611270696
a3e607e6eb40ea6a7412fe5c62d4005fbb4c4fc0,702,6.431140879835434,0.00916116934449492
af5416f326da27fc547b01a3182eef2b80fd007b,4250,51.792052850137765,0.012186365376503003
3351db95830b65c5ab817ea7074f85314df8ba69,18,0.9826947703196387,0.0545941539066466
40ad7f9dc3b0d012991253c3d65f695c7de6c2d8,392,6.913082297674139,0.017635414024678924
2f2ab71c2e8189cc41d3ba37fd8bd5d328d54228,1144,120.80573783302174,0.1055994211827113
24418363867729329728af337a1f1dd7389d2307,3,0.41617759470237436,0.13872586490079145
b9ea493ac06ed22f513f1882a755b38271c73f81,2119,98.24637587605959,0.04636450017747031
bec180c36fd6237b585a4a6dbc25609207d042d5,12,0.14152834337492168,0.011794028614576806
84f276a230283235fbeb768991aefc815af3fb93,54,12.362345575180795,0.228932325466311
f5fde8f9a6d5331e97265188ad3c1390703b2dda,32,1.1722986923839407,0.036634334136998147
cad859b6f56802a5251385e90ac5804547effda1,780,6.724200466390944,0.008620769828706338
abb8df0a34cf026681802cc9c1db68e6b46d12e5,50,9.613783073709612,0.19227566147419226
7c49c8d2532a69339279c2c3bbc91246034e47e8,30,9.316393545927465,0.3105464515309155
6ac76acdfe73b3fc10987da67c70c3b75c8cfad1,25,0.5752452380975861,0.023009809523903444
92f11b712ce9910faf99757849eefe78e99bf9ce,450,6.2573454522982015,0.013905212116218226
2f4bc706a1f5670cb5bbcf821648b30f6f40f876,18,0.293343474180055,0.016296859676669724
df179b2e21e993d74f940377b56ff8bed62c68cd,26,0.15219711520312684,0.005853735200120263
7e1753f291b00336c530a61fdc4b68c01b584dac,2556,67.19250642814362,0.02628814805482927
24ddf8fc3807bc3d6ec6d1ecf21f43888b593ee1,66,1.4465878691892349,0.02191799801801871
980278137ce08902643023a2ac01c72970c9fc93,99,0.20644409714131157,0.0020852939105182986
8726c8f6ce3915585969e80aad875b72e3164299,154,28.28951621440476,0.18369815723639454
ff813845743fb03cdb892e60e1894552395bea0f,1080,13.793782595384783,0.012772020921652577
a6ab1d846f2468c4ac666107b5335dd7c997357b,247,48.393085993850484,0.19592342507631774
36497a217f2bf3b6460ae93ccb73724cd12a5920,28,0.2588031236569406,0.009242968702033592
7db3d6cf3ce57daff5244198c9164f59d459fe0d,156,29.823804117905283,0.19117823152503385
172d9211c0df185e8e94036f9b143c8529b028da,100,1.3987380386101413,0.013987380386101414
2a3d6787c7d0dd598f3826850a21a557f5397b37,124,1.877434128402694,0.015140597809699145
10b56be8b673f2b7a1f516a6729096c8da06179a,540,1.6885975635270878,0.0031270325250501627
c5ee3aa33a8dc06b5237ecd71683027f4aa66f09,200,5.110855262729659,0.025554276313648296
b36d5c0645cc83c3fe244c008cc69b0558ce2c0e,12,0.2594662857998836,0.021622190483323634
1726672cf4171e4ad79a8817be8fff6ee657b1a5,82,1.5421893052690245,0.018807186649622252
fdea9fd669f84ff9b2682115b703ac63b4518257,78,10.094391834491145,0.12941527992937366
6d708ed00ca7aa5f8239fe13ce3d1aba1e7ab94f,387,5.673825213956853,0.014661047064487993
83ff42fd7927b3a656182a2b98aa3397db5cae23,30,0.3021709597839096,0.01007236532613032
3cbd0c852fbc5027b9ecfc47d232ff4cfc8b3dc1,45,3.3121533971432076,0.07360340882540461
562cb82109bc929af4fe60e60aa43266f5d29936,250,1.7672898288832848,0.007069159315533139
ec3719d76c314c0f81a48cd318a9eea90689c15b,60,2.5617434980036053,0.04269572496672676
9f6950aeb43d12cd535bb5e33aa2b879eece5cd9,19,0.25198884568985175,0.013262570825781672
0e6854024d4185312c0fdca791ef17bdcedba6f9,6063,238.3119547242241,0.03930594668055816
76d93918ddcf0b5f2b872fb4af1d824be9fb8863,47,0.11469296043653782,0.00244027575396889
150b157742ca6200c0b37aee3a3a24df0e13ee3c,25,1.462233616954264,0.05848934467817056
0b6d98352e9d20c697c20051c7c8987f5cbba3d5,130,2.173197877528434,0.016716906750218724
394a6ee9f9f8fd75be070a5d545c7dea0cd6de39,99,3.455602063440081,0.0349050713478796
e6de76bb816ffc08dc1f5c38dd81daa2c4b4535e,40,1.4772790247694425,0.036931975619236064
fe502e2d4a011e3f569c6e26b4ca0ce3cd187e17,48,0.6973973863479328,0.014529112215581933
21859650ffb401f3d9dfc02ee70c5a3896868362,252,5.02396158733706,0.019936355505305793
539d297c9858005e1179d2863313e7e87338a872,304,45.62264109543689,0.15007447728762136
e3785590c1ec80d67508eba3a34a451168f7ca83,972,10.531387764917337,0.010834761075017836
a502b7b249a20488dca0341f927a32673b6be9be,28,0.41831986521442477,0.014939995186229457
69710d3eaf9dd370c2d4ddecd95f67376f6d5e06,572,51.266467405358135,0.08962669126810863
fec66002e50efb318b304f04aae40a99d2e61986,16,0.15382792503453124,0.009614245314658203
fd3cdc326de50ca541b1d766484a4758034c391c,2626,38.31813244891464,0.014591824999586687
eb11985876c0ea95fe3961f4b3b8a92e0b041db0,8,0.14243688416194272,0.01780461052024284
6488b417d8bff9dd63d470f93ec3d9e0e900db89,150,0.29016636948815194,0.0019344424632543463
1cf5ba50dd83eef7a63bf7c530821ad31f7bfd0c,626,2.678580982032638,0.004278883357879614
fb27f7480b06118300865276ce51cb71b542bbc4,7,0.8485893102964452,0.12122704432806361
aab4536278d8f4c4b4b66270a997d1399ed79d57,304,37.65694643344517,0.12387153432054332
b66ecca5d7dbc8ac42546b3b9b63d746a171a396,696,13.4971031967834,0.019392389650550863
03d8b4156bc2f7acc9aded8badf51448acfd6e60,82,2.2853305263888295,0.027869884468156456
152183d48b74fcb373eb0d1d2f0d3e3650e07f3e,30,7.957635052689044,0.26525450175630144
c2fba8a6d4ce3f9d02750a68f8047597e0622f8a,2145,106.83188436891615,0.04980507429786301
acd8e56cc61bf342c7cf6a302cc9c343359c7769,1251,19.517799663477668,0.015601758324122837
aa9a3e51e2d9e266a93b5ba1d0ad4c19ad7b5cfd,60,3.354701746857138,0.0559116957809523
67d4b78620c024ece82718d31c55fc9d4fabe373,160,24.187571036634434,0.15117231897896521
3a3f00e638540fb3ce923244dc2d514d7f862973,551,12.42744568715075,0.022554347889565788
fb331c7c91fadcb8936456f23224dd6928ec1601,12,0.23337441505979495,0.01944786792164958
c196129f803defd431005b90124364d87d71412d,800,8.699777528825745,0.01087472191103218
46589024f5fffd139734c31783bb6c8e4cf7e271,126,3.2891560836179163,0.026104413362046955
db4e4067a99eea0c5d5d1a86044e644384d5173c,44,0.2814037732621133,0.0063955403014116655
b6bb0e3364bbf046321ba83957a20551afa45955,4365,47.51136331092783,0.010884619315218287
401ec28bbf9f6ecff3730c2e95929f6b6a746859,15,3.256547749024649,0.21710318326830993
8305355b32fdef6458a3843adb4a7d42e385c2e1,484,65.7322033195046,0.135810337436993
d3feb9374069e6d930a38e5acf07018ff8ac7010,56,4.826449408330324,0.08618659657732722
98b3263363a0dd9b1fd290040346b0466fe3f185,62,1.00814764068611,0.016260445817517906
29e2c872d7bf96fd0d3ee9dbfc29b10a3a681e70,276,2.4241401450994067,0.008783116467751474
c1b4198fec2ab8e537d4250aa6f7538b4989ce84,60,0.3645722761242977,0.006076204602071629
7fba5df0ec780717e2ee2b83d9ed367792a2de84,638,81.32615991632552,0.12747047008828452
71cbd7340033e69e9d8f947fd28f11a1c8fb6cd7,225,2.498969935625812,0.011106533047225833
6fb54fec23d8264903feab6ec74a111745b18a01,528,47.72159516578981,0.09038180902611706
ed3dbe7485e040a5dfec9244e3868b9ba2c76033,700,10.295191481860163,0.014707416402657375
6da6f2281fba58d62d29a81334895f8ee09f9792,1200,31.32030512722448,0.026100254272687067
b958de7b34c415d1a7c2fc3098f5fbc63745679a,120,0.2521945760831974,0.002101621467359978
c8a573266ff828a36e9d2cac17093156d288205a,40,8.376419984224379,0.20941049960560948
05ac2715076d196d19fc9a3b93a69396759f69dd,16,0.4701891738651076,0.029386823366569226
eff085fe9b68f168e8c3276701ada135388b1c03,868,79.12371710011602,0.09115635610612445
4a22e228ef2a1d3bd737dd36359ca20e29ae9438,690,7.7282920258603935,0.011200423225884628
1444173e6e35a2a34c28706901b306697877f23c,67,2.06486073662747,0.030818816964589105
17fda371b746068753357a55017d400100cc1127,8,0.141689429742743,0.017711178717842876
4bb3dc157ab7e907dd5baa97eb1fa80ea471cb53,3,1.0,0.3333333333333333
3b7c0bb72e48a7c0c8b5afe9db5de4870a303f48,378,10.615705397502555,0.028083876712969722
269eed4d8e05c2509dadfd6f89b20bc9ee1e40f7,42,1.1516013481180347,0.027419079717096066
dace336b0da0687875d09aa2fc40e258490ae931,464,9.665162965836652,0.020830092598785887
9448638f5f9018ac7a006a2354578a4e607dba43,6003,108.32075498328983,0.018044436945408936
5530ae20417e78f547e8ca0ef992a55fae837bf5,157,0.8547181256943143,0.005444064494868244
5fe6aa847e1a8b9090099ac4b94ef81409f302ee,6,0.3263235624580373,0.05438726040967288
65d4f1ff52ffa003736bb05328b51c1b1385a71e,42,0.2549121064520926,0.006069335867906967
74dd82a0856f3bc236c40967c3ed9b6921497ced,51,0.42877868402743824,0.008407425177008593
a0ff078e8465869541537988bf4c80993b11b351,172,0.10157573855765997,5.905566195212789E-4
6a4a229cbecf8ed94fdde6f5efb0c3be6a13ce10,35,6.9992862210634375,0.1999796063160982
d7b39faf74407f7b568192db893f5988adca2619,14184,66.94000736225176,0.004719402662313294
12795f6d304b209705bf2457a975934e8853d6da,40,1.1732064219202347,0.029330160548005867
91d6e9f0160e30d93aea326948db5ac024739e2f,294,23.05109307278916,0.07840507847887469
d0450a23a432be87b3945d4b613d80fb7124e7eb,546,2.3207169489739523,0.004250397342443136
66fedd82dd7c8f707d81a489526dfe981001b2eb,49,3.4399035814438736,0.07020211390701783
3a16fe92d05465c1dd4861d430a9969b6477953e,5,0.7967902412377184,0.15935804824754368
99ca885c12946065b518f8232a636aa606f9c004,528,58.862013028566466,0.11148108528137589
386ed2263f2204710cf5cd54f4a31b7f1aaed3ff,4,2.0,0.5
a5324f4086176f54dccf5df1864bcd1b458a851d,182,3.139495632295665,0.01724997600162453
94c5f6e420bf362035f082816ed535525ad07f7e,182,25.45554286434564,0.13986562013376727
5114751c5de91c802d69a5171f2f7d9c5676931c,14042,987.497177574573,0.07032453906669797
3ad911c5ee9340ffae833f339911cf295b9f4d11,70,7.838663026546704,0.11198090037923862
ac47967a169047dad747bb7fc53addb41823a3b8,99,0.891483372788341,0.009004882553417587
7c02d8cda6383385d306674b0d6a64137b4f97eb,147,0.5071196073551254,0.0034497932473137784
d56068c661fb474f8a7b8ba589d036b8a7fab5f8,35,6.4708824429363965,0.18488235551246848
5ee276d9bc0a37af712ff639a6ccdf1a87f53c3c,6,0.363263632245119,0.06054393870751983
5ab2c95795a8d49725b31f0600baa30812d9b62b,40,1.39116294324495,0.03477907358112375
3478c389e1a9dcc210f7d821eabe8e05909b8808,72,20.977535465788073,0.29135465924705656
3ec3309faa307b2dcf03ea7510d43a0a6fcc9af1,27,4.021414006286012,0.1489412594920745
6571e4f198b960ed76c20a4c6920bb43d9bff620,10,0.4798308409278556,0.04798308409278556
b08480b88f4fe8bb52baba99583f9943ef87af0a,224,1.5465688411878817,0.006904325183874472
bf25fe22f7a2a8c505a21d70eb326bccfb2ffa60,126,0.6846429945623227,0.005433674560018434
92e93b5bb70fb3d004988749f4ebba18bfa52a2f,156,3.172992985278867,0.02033969862358248
91edb244f2cb4bf1aa2c792d629753f060ac5a9e,1791,55.512679223210114,0.0309953541168119
7fe5515c0368c3c6a8ae07f88df53049b670c368,24,1.5685221240985538,0.06535508850410642
2aff049506a20e7d2c576bb6736c4c3937f0c04e,270,4.995135814329713,0.018500503016035976
5297f02c5fe9472e835542efc2f870fee1cc5459,60,3.157134232053782,0.05261890386756304
e454397f20fd0ea0bdcb7d7682f34daaa0094721,180,7.37768724153932,0.04098715134188511
f795a3a22dddcbb02a475e385008a255f451e8fa,110,21.46056658762294,0.19509605988748127
868ce83ec5bc5c1c90347701bc81eeaa433d729c,16,1.318614158044114,0.08241338487775712
7e08dff8016a01c8c9314325dad3da09662c2363,41,0.37214382735996765,0.009076678716096772
b6e9699eef5444c02d6e86a01308245b793ce85c,3360,21.19207383469516,0.006307164831754512
2f1006f35bb711c5e20ed9bdd8705dbc026fe304,301,7.4192426243788265,0.024648646592620685
29fb582d5b60139be0b5b1db225bd7026ab4511c,2556,66.36057079756547,0.025962664631285395
31246e2cd3356b224e5a5404ec0476f97241235b,1155,12.16540619619141,0.010532819217481742
0d12ea4e1bc0ffa370921e479df76dd77cb1d0af,24,0.40995155612470785,0.017081314838529493
0208ef7f7ab91baedbae5425068bc6c394e0d3ff,240,24.032423548878064,0.10013509812032527
aa22321b65e60c7fc3bbb7846e9e9d1cb4945952,15,0.36605667701984923,0.02440377846798995
632d15d660a1666e78f46cbb7d8e3d739ed04f97,1554,106.53745720224624,0.06855692226656772
b46c327160606861c416b46ed13f4e4deab443b7,221,32.128204818299054,0.14537649239049347
e58bf7b687374eac17ba3ecd1c9071f1c76fdfff,100,0.3324381609074568,0.003324381609074568
fe77d091619ee1c9e9ef53e5aed4c2db637e724c,280,1.6060655175179184,0.005735948276849708
3c676a7d70eed39d05df0bc15afeccb937ce8d1a,63,16.56640185011797,0.26295875952568204
b43c38d6380793f498fb58b527b96799c78ff7b6,81,1.8724305345703909,0.023116426352720876
7a2f364af32f0fac5a82c159358c71f704bd8aee,180,5.646793365233963,0.03137107425129979
57adb194fca18869c7c42d9f8df0a2208b371dcd,4150,20.726014815751917,0.004994220437530583
aaf1f28417b5c95115341e60017be2c74a9c3759,878,12.857177215605537,0.01464370981276257
19499f51ee049d31bb5cfc8ce6687c887c087de7,452,6.31581302497316,0.013973037665869823
4525cc8b7095c395e1e4d936c59033aeed1f0940,1675,8.605113028507612,0.005137380912541858
7993e58d496de890172ff8312809712dd5b11a24,420,46.67017001904321,0.11111945242629336
a2ba044679ff0ef81980d69b20acc6546335e610,12,3.2348574879729695,0.2695714573310808
6622f99b8d2254043e4e741752c6a889b076332b,4,1.0,0.25
51824ed10c4b367d8923de51ef7b55d7a8274ae5,17420,3858.3090182701517,0.22148731448163902
aecd9aeed7f0d636d4581fe4ec933cd5e08778e8,112,1.518491912004758,0.013557963500042482
1c917c0fc403287419448efb5d5c0c4dbdccd61a,42,0.17272509804916192,0.004112502334503855
89ec24f83ac55a449f703489690945dd84989c7c,42,0.4560389214481304,0.01085806955828882
3d91aedd0a72436bd19991079629656729726b90,26,2.7495215796432975,0.10575082998628067
fe93ff25bcb93e633e56979e92821893a109ead5,65,1.8621646412314765,0.028648686788176562
0c72d2eb31e370bfed70df58c81d6aecc7166a06,15,5.41354885862064,0.360903257241376
b70894333c6d173258a070242935f7babfc2f7a8,713,181.32765721914944,0.2543164897884284
16627aad79e38e13351914f3ead9cadecfe1e250,42,0.28041467337103343,0.006676539842167463
87a798ae9528dee4e9bc7abda711df546c3b0ca9,306152,5909.400532835071,0.01930217843696945
79d5f8b41e8c34be64c5b72bc6601215f129d0f1,713,181.32765721914944,0.2543164897884284
900d28e829d553280c58d4abc8d9df23c892e18b,22,1.5331190751808323,0.06968723069003784
a429d58729acd16eea7ae05ee3ca073d2a38276f,10,0.511309307266652,0.051130930726665205
2da1c9d3425bc4ac1d8544bf09b6992eec7af8bb,24,0.9706926096224254,0.04044552540093439
d05f6350e52d728cba8dcca4aa96e0cadcfec87b,20,0.1031290793062246,0.00515645396531123
7b9f3d6fdd35e7d505f3170f62191cb73aec567e,115,3.966174393035588,0.034488472982918156
2571d6e48bf756241d21c8de499c88620ac4131a,360,9.906352383293523,0.027517645509148675
be4b504db39e9ec36b98a468f4b1a6633e440b44,14042,975.00285239057,0.06943475661519513
ef999c6b4d223ab426a0d51869965211dc803b0a,651,4.677482535854214,0.007185073019745336
31ca63210433c66d1d941bf0b5cf9c9895f15038,16,0.8838848324577282,0.05524280202860801
8efca053d65f3521a6d40524f9dee6d49d8477da,195,28.381111081309317,0.14554415939132984
0c224ad8c5bbf29b249d493345d9dd96680bfdad,55,1.0604944611506397,0.019281717475466177
e6859dd7262b2e0dd9af47e22cbc41905464b012,24,5.359333471934573,0.2233055613306072
1fbb1a89e4f3633c2c1d5a59ee21b9318d7324fc,72,2.4337442382060614,0.03380200330841752
4f34d493c158d171927d9aaa5bb92584c385594a,154,25.997644452337813,0.16881587306712864
c918a306fc4dd3f403c047abe8321e645e440de7,805,23.524598401479853,0.0292231036043228
4327e405eb3185ea10f8e7ffda7cf95b6a941410,14,0.10398267090120585,0.007427333635800418
70083fa393cef91c2a802d8b4ba94669fd9bd92d,21,0.2988535683394195,0.01423112230187712
183572a9d330810dacabc9c729d8f666a6a67a93,22,0.22521952229535105,0.010237251013425049
19ffdb4ab8ee281655ef9e597061e9af8a1006e9,35989,181.9934729153576,0.005056919417470827
3cd645e4c550865f625834f1fe3e9e70a5a4e42c,608,9.810082114063086,0.016135003477077442
ce1e8cc25ff991129033ceb90f23cb0e22298ded,20,1.95140459497018,0.097570229748509
b73a9b3c56d9c0068fdd563c13b0b0eb61377426,528,58.810018546320144,0.11138261088318209
cc60085bd18eab480c811209d0c5ad9a73f972a5,143,0.34276392495456276,0.0023969505241577815
5957a162234d2b4a6c0736587ed305c5f7bf0e8d,45,2.1365075481556794,0.04747794551457066
3633d126d4943e2e023ba02eab10b8a628552b4b,132,0.5916273132525108,0.00448202510039781
cad7e4320a214998300818864a08c48d999bad5f,462,60.05683981416937,0.12999315977092937
aff85c3030332744a51fa65d5612830b9a8684ae,1001,47.973195990057825,0.047925270719338484
1ddeece1cd3c024266adb72866c6d0a847275ac8,84,1.2710860063470182,0.015131976266035931
f7d11a9d1c79fe8a7b40d50bce00b2943313c03f,156,29.693601574230126,0.1903435998348085
6d44ef97a110945050c7d229298ce6ecb8c73bbb,714,4.357813748280033,0.006103380599831979
54db3487b099311c2ab1d342e7d833b52cbb4a6b,35,0.783788879038076,0.022393967972516457
be4d73d7c38d9d49eec21199598c7897d2359563,1863,6.372846310518001,0.0034207441280289857
b7dfbc0a93d9a7135a1bbb1cc32fd715b2091eae,30,0.4471608355039651,0.014905361183465504
f0eba13df8159ef20ee5daf5962cd16281d029d8,28,1.2672432511777918,0.04525868754206399
e60b8b0a423ac354c0432fcd59d4ab8837644c53,624,47.263188329434094,0.07574228898947771
49564527f34894de0e526438086d41eefc8390b7,17,0.5764845331445144,0.03391085489085379
212ec883a4f08e75a78bf3d76b135dc1b3f59b0f,324,50.05905575238116,0.1545032584950036
ec3bdaccffced7f5e14ed35d5c59340c2bd34f7c,513,7.422867782578858,0.014469527841284323
c1ee9ec8708f71cc3b0744542dd79bd673c92e9a,7,1.14082042085312,0.16297434583616002
3888a423064bebc5bbd5d973dc3ad0087c66b427,452,3.48622759760174,0.007712892915048098
03b3eb7e947a8cea70421fcc64c5abe2728865f5,14,1.4247896478445519,0.1017706891317537
cb8ea6e4a88cd2ee57ae69f13d2eded444c92f16,3888,59.7914328347815,0.015378454947217464
3403ba1c5d9fc562f5c38cc02388e7934bd967c1,102,1.897133607566179,0.01859934909378607
72852915a32a567c2adf3b991e5ef1d4d2eb0c5f,72,0.5539125708005219,0.0076932301500072485
18f840a29f637c5e14903dbe3c7ba8ea5438f9d6,2735,9.234714341913318,0.003376495188999385
f6b040d6d6a0c13655e085114d6a84d27833564d,864,82.8338847013529,0.09587255173767696
f7b23272d61fafad4ce634fead41862c235cfde9,195,27.763355039217025,0.14237617968829244
2254bcfeb5920a1ea08986c5aaae1b82e2fd40a7,240,50.35304965730136,0.209804373572089
2680ce36dceb49d439f62f73f09ce8ce06cc9518,583,5.278143894274756,0.009053420058790318
8114a0282d47d7862a49768134847cdbc99724f6,200,11.222167983801263,0.05611083991900632
ea6750dade5d3d5ffbf4138643bbf4a55f03eed9,24,4.13814028722084,0.172422511967535
8137e89f986c441089ad0974032e9622507592d5,51,0.5280427601419397,0.010353779610626269
045049f156c2d69f1a4c5b4df8f375739fa46382,196,33.897745712735016,0.17294768220783172
06d0d4725ee1a79d7a826758073d06bd8db57498,376,11.923267030930003,0.03171081657162235
