9f914808d76e33d91b2c7f777809a1bb5b2ec59c,24610,26.458494178334753,0.0010751115066369261
558aaed407df4de64f3b8a7da70f5aeac285c6e0,1130,1.9273341063749245,0.0017056054038716145
6decf7ee9e58f301d60daa2ca55ef82dc53b078b,99264,30.835901612195137,3.1064536601582785E-4
17b99e3c5261c74afa2c5c21310dba2f1d430b88,4970,7.954486320853807,0.0016005002657653534
0c8437c04ed68f1af4dc7b6acd918d7a329a8276,3182,5.199550978566683,0.0016340512189084485
8ac3fc0f64b077485b057ec535eb51e14f326fec,513,8.98844192689096,0.017521329292185108
3775fdcaac370f6cccf6a7a5089bff12b6f28782,2584,0.9999999999999999,3.8699690402476777E-4
7a2eccc2ac457b9d04a98aedbb80b5404eb32b55,641480,916.1723497550807,0.0014282165457303122
b5f2a3fe74d0b077cd08c9093c7a3374a0c4941b,66,6.0,0.09090909090909091
ec445b2ff2ba2abe7a2beb604ab76b9b8e475a2f,62784,3.1451381075874902,5.009457995010656E-5
0044046f59ba40b1f8bbf88267eb1e76793aeebd,510,0.9003932463157923,0.0017654769535603771
d7bc25c88e5bf352cfff626a6bb930827543f5cf,103323,30.390030150114654,2.941264786167132E-4
c11c4ec0fa8be07d9328bff129c8ed1715a9589d,12420,12.762093554909235,0.0010275437644854458
4fd8f64b5b5f5e90136aa440664d5e3487519c1f,1460,2.5590070881413616,0.0017527445809187407
cc3eca230a0338477c95ea76c41ca9885bca6d19,5359,2.217110746057546,4.137172506171946E-4
3a32f41cfac1d82c138c3052978229e9e8db6c61,25194,0.9673537484628654,3.839619546173158E-5
bbc9e8425d4b9f00d53d7844102bf7157f967d6d,11341,2.7005864880515915,2.3812595785659038E-4
c2ed8ebb81c040d026b78ad55245ba2e1f2bdb75,1480,1.678902886261243,0.0011343938420684074
51c5fdbfc2fd6850ddbb68558f3cacf414a35f56,208,0.9867686121139303,0.004744079865932357
65faafe12f9651864ad7a360ef48ee9dae8ea2ae,217,1.4890540321447951,0.006862000148132696
4625a6af160e7104997f3e231c9502cec39794fb,770,0.7393938682710731,9.602517769754196E-4
0efb81431dfc2a4cbdb0b4b65f97b2fe5bfc8583,68900,21.364500112852667,3.100798274724625E-4
dcc0b933fc5eb9ab59237d65b040d011a4a0705c,2508,2.3072494992619665,9.19955940694564E-4
098e753ab41b676a3b6e4fed4d23e9df656b0877,4140,0.7494012551821311,1.8101479593771283E-4
f85aa67a894de9f17614b315e0bec265d1373921,14446,34.8617283580513,0.002413244383085373
b808114594087cab72296fc1b3821667af33f3c6,8160,1.4675044665174726,1.7984123364184714E-4
4c9eb3d34cd9285a8514e3badab6b36ca259fb48,2176,0.9081116909215509,4.173307403132127E-4
a473860b5aea1b80ac6955769ffdd31a75de7b24,22644,5.179774067874479,2.2874819236329616E-4
84c13e9a9c895aecdd3ce68d801ef8d57aac141b,22770,113.94079246469808,0.005003987372187004
700c39bc0157333366efaf505f4ab3c0d0204a43,3762,2.4521843303419866,6.518299655348184E-4
0fe7418cb5e7672c73520d2a874de4b26b55e899,374,0.7067365660741477,0.0018896699627651008
b0644899ffbaa3f6e6b21686602bf771a4ae69c8,700,7.581747060138304,0.010831067228769005
bba1e67f65ce8659e4d995f22079a8378011fcc2,40158,4.865714813952226,1.2116427147647358E-4
705529bec45ed091a3f9706746e4c4a8d0255af3,1425,1.7332895005622593,0.0012163435091664977
6cfbc89d0802cd48add9e7af1dafcd5aee84e84e,951,3.489374024213296,0.0036691630117910577
1c1e82e0ec7be57365735a684a2ecf83e8730971,18411,1.4697147994602877,7.982808100919493E-5
33b26390342dc23fb81baf73a2df3345df5cd1a7,2783,10.934565151774933,0.003929056827802707
774c15fd6b858202f9171e228ea9ac0347d73f1b,17766,42.99941973200467,0.002420320822470149
eb7ddb0f626aac5a9bc5ff3b94bf0d963d13c6a4,43542,4.239907667537759,9.737512442096731E-5
ec1e3a41683e13eb6aad7b286381df7938210c40,10017,2.5114307009322148,2.5071685144576367E-4
686350c14a06e3e5ac78dec31d5aeef65e62036c,11480,7.526231682176135,6.555950942662139E-4
5b98f8f72e2ad54147e6a35c5c14c46151ccf234,2058,0.803449448930398,3.904030364093285E-4
4123d1aa3762da5351fd0ad61efcf91658a31bd0,33616,11.614887409285096,3.455166411615033E-4
30e67566cfa22eb28374f60e4ff40ca8c93be5ca,210,10.441943349268719,0.049723539758422475
243050d80d9ddce76e1183a2ddacd1b0303447f0,24990,6.170796036582312,2.46930613708776E-4
85baafd701be1942f7995f779ebfbba5f24c6c4f,7696,0.986519377875658,1.2818598984870816E-4
b38395395eea4563627c9d03e6f77f4ac614a10e,9176,0.8804231101665261,9.594846449068506E-5
f3871437f78b6b6b65cac0e89f2a837c2b1189e1,2967,0.7809544471996439,2.6321349753948226E-4
847a14f92ebcaa975131a57c49d32b35ee935da8,1360,1.0000000000000002,7.35294117647059E-4
09fcd641628f86fc6be697951838f7e376c809da,1040,1.9512096667732468,0.001876163141128122
caf1f7c683d63333dad16c4a628199a21efde3b8,442,2.5321288723479203,0.005728798353728326
f252788d4e59e6350c6b8f0d50a5dd590e83a23e,18486,6.507571764748047,3.5202703476944967E-4
affe3c2c6e0dac17d025120bc6111e6d51e936b5,8000,0.7255746504490277,9.069683130612847E-5
0a6f773940006cdc630499ca0b8c839d10ec0860,731,0.7856849046437718,0.0010748083510858711
093dfd768e4d09f9c8ead13187b4fe27bca0712d,3570,1.653315399161923,4.631135571882137E-4
bea8e8331e7508acefa50bb9dd3417ad1f679bca,16390,6.081432152689471,3.710452808230306E-4
2c7c72661cfde72a197ac9f7282aeb5d5d1b4b17,73144,13.545973076976047,1.8519595697495415E-4
2fd7f45bfb224e2e9bbe782ca37184bd88af7167,3450,1.4503716409775087,4.2039757709493004E-4
440d5eb696e5dae2e73ee8c6f98ed3fe707fc624,536,1.0000000000000002,0.0018656716417910452
c946ad982ecf4d67a6b82bf939c99195d4606885,3320,4.771735617357022,0.0014372697642641632
7453b494cf7e4938da027198bff838f4f5634ec2,46,0.8581009776312241,0.018654369078939654
301a25a21e9e0fd4b8508624ee87840cc7564ca4,35020,19.76400089270111,5.643632465077415E-4
2357971de321333c078bd29fdf17bbda4cf0ebf8,66,2.0,0.030303030303030304
f7a10f85155a7b627b44ea8cf511926a8a06a34a,1512,0.8011433855352184,5.298567364650915E-4
0f9b29aeba0aa095e469f6efa882a1e2213eb2c9,1107,3.392039325917718,0.0030641728328073335
ca4eeaf3244ad2f2a32cb93fe79b8f4c2345a340,5103,0.7045831615878803,1.380723420709152E-4
084b005bc0b46f532a676f97fc5ac43e83786a49,482,1.7403492354438124,0.0036106830610867476
19d4e342eade9082ee6e456d3bd77529da76ed8d,128592,116.53327233947887,9.062248999897262E-4
ee270d31dc75854644d9e299a2acf3d0069833e5,12701,2.0,1.574679159121329E-4
e7ac5f57e34e5e08d4264d80157e457817be1a39,25,5.0,0.2
2fbd8dd34c1ffd844d90c9f35f4e41c6e3e1b6af,1296,47.524652425468524,0.03667025650113312
25558237a0f40f5684fb6bc46365ed163cac456c,3979,7.070729255950861,0.0017770116250190654
ea7547b99fbf033dc466aeecabdaf585321e57fa,2400,1.9111873731941142,7.963280721642143E-4
aa4f82fd777943b7c5e26aaf58ca5166e91e3f72,18954,7.022536750824405,3.705042075986285E-4
aa717fa06ff754eefb47a71143aeeed3d11d2e05,55168,61.443283533105365,0.0011137486139266488
36725fdb51dc6910ae1a92119fb0903380797eb8,11297,23.206441772940142,0.002054212779759241
41d51bdb27401b6058780b95ac48078fefd52031,32227,3.3722158718929878,1.0463945982849746E-4
ed806e73848b05eaf143b11720091fb28d5aa9e0,1222,38.703424234107025,0.031672196590922276
7c2779004be510db4226f95874368291332adb3f,70686,32.80516345306517,4.640970411830514E-4
9b704292980387118f164ef72bce81c20ee858ae,23856,38.133706359203934,0.0015984954040578444
f6adb535365442ee2596a338dc77e2ce249f4776,174,0.7084550660554411,0.004071580839399087
d8d4c61fa241b59da1df3287ca2349d7e6f4edab,636,1.4546610072282955,0.0022872028415539237
c9d59b50dff391bdd46361f4b2ffe81067f8b7a4,4940,1.5098968596028361,3.0564713757142434E-4
e321d78e5ae7d3a1c2f61106c499954a120dda57,13257,1.8768813114100031,1.415766245311913E-4
0932f496f3c0f64f93e037c01a3de8d346dc2f9e,2396,0.9999999999999998,4.1736227045075116E-4
879597dfbca090ab651776aa17166dfe02064137,42362,1.6341814503722896,3.857658869676336E-5
5884f004b8b817b0156147def4bc64722cf686b4,2,1.0,0.5
66319bc3b69c53e632d333a6fe695bd9ac038973,15228,4.739778122617706,3.112541451679607E-4
f092d02437af4c5fdce312c8f0b738d23d668d76,116319,1.0,8.597047773794478E-6
c2ee8813d3c085465ccd321ef25b7071bf52cd39,420,1.0,0.002380952380952381
611ba4ea186bd2283c9877d4ae91577eaa9eaa09,6764,301.12950158175875,0.04451944139292708
cda3abb06000c0786bed1437a2ccf47d4f3ec19c,4320,84.29855322060838,0.01951355398625194
0ca4fc6ea0d8be97564c95717504fc842359e8d2,3102,4.188169510555352,0.0013501513573679408
376c9f5bb5f533c2e2ca7b811aff2a3fa2134484,134745,42.069666439638425,3.122169018489623E-4
58eebcd1d902e66ef223ecb9661362c50b96b5c7,103429,311.8900807533451,0.0030154993353251514
2086ca12a037660f821b40c5a07b749567640341,24393,3.8532077409356895,1.579636674839376E-4
56ef8a9aec38d870db75ea259273d4a4947ac708,165600,10.78661687694322,6.513657534386003E-5
b68a1f689e1a061ef294c851d0a6eefe3c6351e5,6463,0.9136213525149717,1.413618060521386E-4
8101970f51f3644374077bd061f9b46bbc6d340c,2286,20.00173245785713,0.008749664242282209
1941ea5e9a1d939358126bbc22a52bfb99f61455,148840,28.889289237994348,1.9409627276266022E-4
57cdfd9a78432c2cc600e58f0b062df5e0e543bd,8602,12.021788812127374,0.001397557406664424
70dffb6d672d478a808672b609f28df038146d16,96,2.6637472571945553,0.027747367262443284
12d428ef7b47e7f68a573223499eb2022568d7c2,920,0.8223340392170809,8.938413469750879E-4
efe660d79c548454ea3e83a6c50c8f8bc0a53f69,131989,25.750565701245897,1.9509630121635816E-4
3eaeb6a4f63064489a10dbfbe420aaaa1d882e08,456,4.0,0.008771929824561403
8d9f94932732c445d9a43983e59e74074ee0d5ae,13376,0.8825457095922048,6.597979288219234E-5
641587cfde40d0fd9795a870be16e2775205f569,1599,1.0,6.253908692933083E-4
5df886ecb32de2da6c6f68b93d0e8edbaab6489a,68968,31.13038276231791,4.5137430057878885E-4
440fce06f4cee9903e00ec1b1850e4f3be0e17db,69377,54.88281505460119,7.910808344927165E-4
8e8644d0a5ec5f6be2756f7176979c643e89652d,6215033,7488.153585678492,0.0012048453460630848
aec2ce7e7194e6fa14a6eb9a82e7e57490bcee83,2666,0.9704687822808071,3.6401679755469134E-4
4f0aa15aa01ca610256e40b5ccb3c3bc54898054,2838,33.823503140931514,0.01191807721667777
2421ef2ed5b5cd7a08a4e61c2e0e135265391d84,1364,0.7593615906853688,5.567167087136135E-4
4556b9c4d83b684f25d598365c1adf53e963c90b,1457,0.7375378430132091,5.062030494256755E-4
c3a601e780561b74be22f30deaccc03de71193bb,771120,1500.1594660756693,0.0019454293314603037
6da52900e4df4d196d1388c2d0540a75fb4f8de3,462,0.7057836222063866,0.0015276701779359018
600a023ed4501a885685d89235993437d15f10a9,270,0.7533222003456795,0.002790082223502517
77877a93712004009e6bb8a6e7060a44c2e325a6,86359,5.249047231434595,6.078170464496573E-5
ca4fdb1178951b1c39bc935bafdb54d95cfe7c18,3690,2.0,5.420054200542005E-4
c021ab312d03ea0d216aef01b25481a9c07d2b24,49,7.0,0.14285714285714285
dee05a4417f39c2868e21e22cd0e2e9232bbec5f,1313,0.9767770772465751,7.439277054429362E-4
770aa42fae8aae4ba1d52ab6174b5c7252852e71,1650,3.7883717907466825,0.002295982903482838
51b4a24a9de36315df78428519c28edf22da75ba,48496,53.94054600233949,0.0011122679396721273
09082d424a36f5e340371db5d40a89f2ec0cb5e1,3870,1.4090277078491036,3.640898469894324E-4
761c20a7b7657d5e71eaa17d6845641847385bce,9933,3.3536565457764533,3.376277605734877E-4
7b97ad4e17625780b1db3cf94872ca348e349243,24768,1.4315821862091593,5.7799668370847844E-5
54412a440a118e92beac954d3687f55d6454a482,9486,2.5256915581157893,2.662546445409856E-4
dfda2e0aecb650db109d7a989fa0f98c952e455c,1449,3.0,0.002070393374741201
f10555205707a9ff857a00097a6f475621fb3e4f,24610,1.4281514092337502,5.803134535691793E-5
c3583719d56ee7b366016014150d9d66ff08f209,1798,2.2176490053232363,0.0012333976670318332
dd41461baabc6500c4d8482e9a9ba5ab5d82557b,32198,28.72150058487065,8.920274732862492E-4
32edb00f4ea80e9a9b6868cb396467f445756f52,26320,3.2402446746449978,1.2310960010049384E-4
4e52d6b2deb9548f88008b53783788bb103bda55,2584,1.589931774825124,6.152986744679273E-4
6392ae62190d5d991be595cfd381756dc60d78e5,24600,1.4467365158169132,5.881042747223224E-5
12f8e37e3bf42cbed9d3dde080a42fcf445afa95,204,4.570177847724276,0.022402832586883706
496bf2df6fd3d94a2ef1931a1f6f6916392ad9b4,1440,1.0000000000000002,6.944444444444446E-4
3d45d2539c0debc0b817210f11847567093d772d,8621,0.8679807999622298,1.0068214823828208E-4
3018ecbe51a1dd4898af36e5515f0dd515f53f89,2772,1.5644518706654345,5.643765767191322E-4
ba247d82dc46b6b0dbe456aa32f8bbe1213ed236,12753,3.7703665286651686,2.956454582188637E-4
67606a5b593e59a17c295dc04a6f5ee3be31b92c,19332,5.7476684367551005,2.9731369939763606E-4
26056ff0135dbc44dc25af3be920023d14167582,180918,1.6372018816014775,9.049413997509798E-6
1e6f8f342d2fa1cdcc92efbfb552c66e60c78a06,405824,192.1028607290628,4.733649580336865E-4
71a9ea6cfb98cf7c94ebf2d7dfca6803a22b70d4,90880,16.402869511405992,1.8048932120825255E-4
a4142cc803f61ffc5738ac9a735d8f2d8c5e1913,14685,0.8025973582188707,5.465422936458091E-5
7b5d0adaae500cd4dccac71e61687f86f6965203,280,3.0,0.010714285714285714
047cd16a3813b9dd2256b1f059225abb679b219f,3304,2.8571948926425854,8.647684299765695E-4
cb005d1866647444d4f3a5f54cf3f06b8566498d,20256,11.387763273339543,5.621921047264782E-4
2708e15ceda114351b1323b703fbb192687b7f2f,21,3.0,0.14285714285714285
172893978a7a949940d94986033bc21eea37d33b,280028,172.45716881777633,6.158568743760493E-4
0bf4a3e99713be0299ec57da9143ef50fd9380e7,40544,10.67778187352125,2.633628125868501E-4
692318593be6e5f7aa5fc62bf624ef34cb5a357a,6324,1.504399071538478,2.378872662141806E-4
58e88f6e7678417c7b47e470dd35cdf28233d987,162,0.9999999999999999,0.006172839506172839
453e31b6148fc3e225bb603d4d01a133ac5b3321,9112,0.7712410525409391,8.46401506300416E-5
1938891a3e7324006c5158d39f01aa8eacbf29b7,19734,4.0609474168905715,2.0578430206195255E-4
db4214a365510a20e791d5b294c956ed0734b276,1643,0.7722537610640776,4.7002663485336434E-4
b819c68900142f509b86ecef06fc284d00c403a3,51,0.9552818007165179,0.018731015700323882
ab0d9aeffbcfb62e3f05d5c19dc0cf98f0d06986,258,1.8221807010446385,0.007062715895521854
be42fbe8b5307eda905bdec4ebdd188dfa06e20e,95700,378.9877312668245,0.003960164381053548
20a7880882d2c5324961fc279b385d1925b939ac,19856,3.4044658237918393,1.7145778725784848E-4
a8d6c35fff603917971b3ae3a9f76b4ca5130f3a,8613,0.7007279778696116,8.135701589104976E-5
b7df03f69e37e515d57dc0f39db823cec517cd01,5112,13.99634130012369,0.002737938438991332
e8194b0d350dc9344c7ac07d4ee218a3dedf4364,553,16.93401392336513,0.030622086660696435
33d900ed13be9691759a932b23f94386bbda52fc,72680,1880.319659362768,0.02587121160378052
f03e662934295466c21222bcda667dd7c43f0314,16383,2.38013264125379,1.4528063488090034E-4
d1fe43336a0db064657a0881b26079da3f7cff97,30,2.0,0.06666666666666667
6d3dbdbc35773a91e0152f4e7eed1e17b428994d,1767,0.9807962081499806,5.550629361346806E-4
d1cb187c46b4801d5fe78ff5d5d37248e118e756,3870,1.5499384256265736,4.0050088517482523E-4
54a9683ebe4e463cb6b1012bea7e4722746c398b,398,1.5073844469285453,0.0037873981078606666
0d049af8c2f514ddbbbe0dd9d96d7ff0f2135cf6,21754,22.004442824370123,0.0010115124953741898
4a4dc31b3170b77b39ea798ece8282c4d4254091,9734,2.324426623058124,2.387945986293532E-4
044054c3c99f5e55346fdb2c0f56c375693e66a1,676,63.147142317573056,0.09341293242244535
e7a17b77221a71d1570305e224038f4423243eb1,48,1.0,0.020833333333333332
6666a60b776ea31f9ecf9bde364723dcc3f9b2c8,4995,4.705284490779848,9.419988970530226E-4
e615d2d390083e0512b40b1744ded81c9d362bba,37960,4.8061709703221664,1.266114586491614E-4
3cb9ad34160d4734a6c6e07a6b227039e4b50a7d,927,1.0,0.0010787486515641855
5200135b83b6faed16b6176709f84058d19db8ce,61523,142.79473336645523,0.0023209975678438184
e49ba52364c3f26cd9e7fa0962c819f90be93e79,20500,3.5101097685909357,1.7122486676053345E-4
57a3f90f55bcb4ebb1a6e4d235fdd9632b9767b9,1760,30.127623521587523,0.017117967909992912
f4a4851a03fa1f58e5a15bf21c4d6cc45fea4ca9,13545,3.466229018457746,2.559046894394792E-4
371296c81a06559b78509a6bf515f38a7ba26f2e,945,3.641467452018362,0.0038534047111305415
7922332797406d982a19288f22ea55fcf746f8e5,25948,6.216824635983571,2.395878154764749E-4
91bdc11880a44b30c66b356f266920ae59e0bf0f,223,0.9999999999999998,0.004484304932735425
61e59715943361df8b1a9acfd78ce58144608b61,73960,9.98851858817126,1.3505298253341347E-4
567a110928cf4600d328bb748b40ae9c6e80a893,1144,1.6916530316682103,0.0014787176850246594
f796b93c31670b10cbdba96fa1e6da772635e8c2,15964,14.607775284182557,9.150448060750787E-4
da27fed42f30d4bd55afec3136fadd767fe35943,103182,30.637246223286475,2.96924330050653E-4
5b3dab3e81d786f1213a05573faf9ef0034ece9d,98189,10.801015075452337,1.1000229226748758E-4
19e3e288d53fd877f304b11c4ff8988790f14953,81198,2.8920199862874503,3.5616886946568266E-5
97b09ab7a2abe0ddbcc3d23626a132f5372c9b14,34608,55.762232606102025,0.0016112526758582416
f93493ca8e1c14eb74e5de7d300a16dbe9dc1af2,233739,4.7193930539322535,2.019086696671182E-5
d37edba22f6780f2b6735708acdb614f8f525ce8,2244,1.7239040153183987,7.682281708192507E-4
929b8f44556915033101c36094309a8a4edf4d7f,61046,7.864198903154678,1.2882414741595974E-4
f1f22f23a0dbf3ba47dfd079cc730d9e1b60df08,53431,2.942508435653085,5.507118406268056E-5
5b80a52784a0a26adbd0fdb3fb865d526a90c876,236925,724.0775354803775,0.003056146609603788
5bf545c06a1ae05c449bceec6e10ad33c740376c,5088,8.552591967001488,0.0016809339557785944
754a3b957bd8d4de947ff5c996a960ccdb7f0518,2028,0.7039486978666954,3.4711474253781827E-4
7f83d1dd1989374e91c2ff0ea09865b00eeb12e7,2576,0.9390196442659564,3.645262594200141E-4
1ee2aef2e7187130fa820dc36030a9b5a44c89d6,1595,0.8367527975647587,5.246099044293158E-4
1c807820189f14698c9696944fa3aa81f4bfc664,2442,0.8063442374559767,3.301982954365179E-4
51ecc2e32fa63ca94d03ddb5047cc0eaad34f936,10320,2.534647775943298,2.456054046456684E-4
956b02f02615492690ba7feb3f79959d8f8d5d04,35882,12.166222788053972,3.390620028998933E-4
3fcda6f6706809b3a2702c09316ec52479864f84,1495,3.286151712063294,0.0021980947906777887
7e034ece0414f7f7b5fab79977d05a7c38eb5091,12320,2.4781456204441197,2.011481834776071E-4
5759493d6ecbff6b9cb705f4a02172af122f3fb3,49020,5.306652689021661,1.0825484881725135E-4
a1022b23300070209801ee3adcfe226ae7575f84,42,0.9939169234538969,0.023664688653664213
fb13f948900ef073b82ad0f53c579ea919d1bc2d,33528,1.0000000000000002,2.9825817227392037E-5
38ad0ec3d6d4403ca69621668810d086d40f79e6,8424,4.7432894641729035,5.630685498780749E-4
7cd63e29812bfa0da051d26aacfffd774aff83e2,1054,1.0,9.487666034155598E-4
2497c7cc82fdcd4d530221c5783e25f11930b3c2,1154048,2045.1423199156436,0.001772146669736132
254de1bbb9aca4c9bc0aacddd17eb380928a6109,21692,7.035163178873185,3.243206333612938E-4
54ae3f4f0ad6e19cb17df5c927e5fd760ccea91d,64,1.0000000000000002,0.015625000000000003
c44f3da704f72ffdc0b66f1c520d52f394e2066e,336,10.808583483551475,0.03216840322485558
4af1d2e738ee5fd62b2c64c253d7b073d21c785a,9570,1.4960698886659602,1.563291419713647E-4
98801f6fe53f2ae72a93becec92db10e891fa80d,12900,1.5251146977543697,1.1822594556235425E-4
d738c4b6e0267f4f2bcd721f041e56e5ee488744,118680,12.405590232639542,1.0452974580923105E-4
07efc0f28c83eacf6d211d5bfdf89f5285ab4292,392,0.8006179508211122,0.0020423927316865105
50b869de062376d4d09063ff1ce5943b14798eeb,1550,3.1276677859325392,0.002017850184472606
5776fff40f5886a8ed5adb44653cb156278d004f,108,1.8359268343329225,0.01699932254011965
d22d09598c307d0ecf04ee2dd237077e3733bd4a,1022,0.837547575062036,8.195181752074717E-4
0ddb44cbe64ba1b5f75e68aa92ee456530ad3213,49770,171.90415033012152,0.0034539712744649695
fcf12fcae3c03e279f55c9ca451a4d3e48b0d4fb,6120,1.6232283436053343,2.652333894779958E-4
