00366ffaeb6fae2033bb7e93318b94842a6d94b9,270,22.46190963403123,0.08319225790381937
f13fc91360321e35335f34d9ad426f5bb3818557,132,0.990676102396229,0.00750512198785022
0e13740969bf4ee4ff35e0fd0a90c6119e524fd3,208,1.3624205428741427,0.006550098763817994
754cf0f25a2c3d11c589ebeac55898cccd2d1627,800,2.465318958299678,0.0030816486978745977
45b12f104472be0b9087e8e2e776b6cc1bf5efe7,110,18.29195064323395,0.1662904603930359
9032f7f5c52b20945bf6cf6bf6b547d8ba30289c,2413,4.965882959150197,0.002057970559117363
922f53e31873ed3651288d1fb93eaebae9716041,49,8.878087231600034,0.18118545370612316
87ddb21d6b24a8ceeb72db8cbd7bccf8bb349b43,2,1.0,0.5
a6efc3776b6d9b218e90c1d39a8d806f7609b2cc,2025,58.35290635300584,0.028816250050867083
d8e593595731b94bf0764f276cce9dd11ef717bb,300,22.808984183919243,0.07602994727973081
f4f21106cbf8338b6946e6f3d86ff3aaf4015970,40,5.244500198985797,0.13111250497464494
53adf8702d5bdbaca56238feac2cf904db94e7b4,896,44.94441774184573,0.050161180515452826
3ebedb4a6283c4ba714a7059ea8b4b3ae57687a2,6,2.0,0.3333333333333333
9c69b1a1c7a5711c9bb53bc7d74ac5df060510fd,176,19.247254006464903,0.10935939776400513
975a312138c3490dc9db4e5c260784845e2904e9,196,24.87445854862167,0.12691050279909016
a0599e53efbe289f70783abb4377e93cf9268fcb,21,1.0,0.047619047619047616
a7ed24b3e90d3a894ecd033cb9878e72d2c6f187,135,13.967722559950664,0.1034646115551901
a4746d6e2389dd40feeb651e8ba51abd63c1f357,24,3.825089813463827,0.15937874222765946
26557074565cfbb6b6d561cd9b8631c08341198f,54,1.4609642072164284,0.027054892726230156
5743f8bc969dfce0c1a0e3e346c8daa3c623c336,238,29.689638624304152,0.1247463807743872
2fb9a662aa3188d0e967a03f17c0cbfb084537e7,2145,3.9283340355334357,0.0018313911587568466
f500cc0eee0fe6d4fc5b22a8d391a7e2f8d751bd,1225,7.772306868754362,0.006344740301023969
230b78d33714b23824ebe074b5fab5f0f2014751,38,4.64137227010883,0.12214137552917974
4521f03e15e880688a96a11c901577c262f4a09d,1444,77.01820992560214,0.05333671047479372
009e307dba63236b2a7a952e8a27bb8c32ec1b64,700,1.510346579823108,0.0021576379711758685
e90422fea1fd085282b34dfebdd938d7eb1fc429,3,1.0,0.3333333333333333
a4bba782e9ef1633d0e1fc5fe13968b81d0acc2e,40,5.0,0.125
717726baddf7216c833065dd60867d5a8312447a,28896,17.67739008584391,6.117590699696813E-4
e51804b77fc58de1182222c06d931f14ccf48d6c,2142,0.6628376280971775,3.0944800564760856E-4
df7517007d5d922ea38e318f38e31ad147539034,1771,33.60448102221877,0.01897486223727768
166a486bc8805f341f8b9d27889697ecdd9d85fc,506,1.7591622543003105,0.0034766052456527874
70c0bb2c3ce0f96e7e019e5f7f32630ebfbb7834,63,9.005363388462051,0.14294227600733414
fe9eaef2a3cd41182aa2e78470d7ed846e73f823,60,11.594953784801008,0.1932492297466835
bae9ffccf678420e15875b650e37db0568c12139,165,1.8941385696987734,0.01147962769514408
b565cea83514099d89d659e9fb85ee4bfce9e0b5,78,7.380587787909667,0.09462292035781623
b2f6fe8e01a3d9861b824d3a0d39e17c667a7b7e,300,22.808984183919243,0.07602994727973081
d0a0aaf073c28dc26a33e73b360267ef17c219c3,22230,16.420807130565613,7.386777836511747E-4
ab6e34965a6bd8b92cd1b29e8327d28ba56f7d46,105,0.8116575388333931,0.007730071798413268
74b1e3264c5d76793a98b639379167c648083c30,154,16.801902951736714,0.10910326592036827
41eb015f4c8fce72ebd824c7b5a8b9c1c0abae98,300,1.3346350445164372,0.004448783481721457
ae2cdb6069664810c7bfc049d250f4ad391164ec,135,13.987720920838555,0.10361274756176707
4985b097de34584b2622911336e9191508225321,9,1.0,0.1111111111111111
854e5dd849bd7687a1afc29fd1c15057d3064649,774,2.8187532697702853,0.0036418000901424874
cd00e89d5e5fa0207b29b3585b6706cbf7b1eb14,30,6.439889077194644,0.21466296923982148
c17fb14e3d59cbf780ee6ae32488de233f3fae1d,1025,2.6103225163356756,0.00254665611349822
e7da721ffe832240e27d680c97acb0a23ff774f7,171,10.874396048377687,0.06359295934723794
d0fe2f203cd631657dbc47c8681122b63e373fe4,600,31.284922141282888,0.052141536902138144
8abfc181f96c0dd598ef886217830e93e0b713a4,9,1.0,0.1111111111111111
85ca61fc0ae4246239bce69748423629d5210f4d,28,4.522450305690835,0.16151608234610126
b6844d9752f1dafe60b1eacd437d9298d0d5c3e5,450,1.3106350479906554,0.002912522328868123
aa15a0b3c0d6cea4ace49f859f8fbb051270bccc,121,17.467796525451963,0.14436195475580135
94e466466d0365e943215bd15acb4ea376dd68ee,2145,77.70058787276886,0.03622405029033513
1806ab31107a6f860f501dce7ab76ea5b307ebc0,462,43.653855292099216,0.09448886426861303
ea8a417efcb4076da1e65db1109c9c0d9a6664cc,27,2.7685412146725077,0.10253856350638918
e2ab04896a35b05f51a21cc7151114dc08b68faa,35,6.97301467836335,0.19922899081038145
b6223409788a11ceb42a4419e9f58ab29d80aa77,638,40.432566001705915,0.06337392790236036
1ed56e6bcf72c6e056ed6d2be5d5f0e2270f74bb,528,24.666940356639383,0.04671769006939277
94635605a0ab55f1ba42ccc96c0e4200d59b2e22,12,2.0,0.16666666666666666
74b3659784b31b055fa87e43b2561181a9b4a923,420,35.137314860767596,0.08366027347801809
6df0ca991c977ce901f2df0ae9a4438c32ac15c0,38,2.0,0.05263157894736842
e7dd64c11d0ed9dd859f0d75fc9589935891cda1,176,1.546581905576501,0.008787397190775575
01bf670587df8a3e20017c783d987c49358952f4,43,0.7417580753665833,0.01725018779922287
ceae8d41fb29163b66fbb19a06460b3af7bd9aa4,6,1.0000000000000002,0.1666666666666667
6c6fb15edfa2ea8572cb897b2cdb702e33f0e163,1830,68.91135237358097,0.037656476706874845
5945a2af2581a33cb2ebbdcde37c2843644c411d,176,19.247254006464903,0.10935939776400513
2d8ded4f0c4b134354b82b0831d4309b55a1c97f,805,1.2140030815736504,0.0015080783622032925
d37a273f3618baaf9c1cd555aad73625b7a8526c,8,1.0,0.125
6db537d855494b1a39efeaa2a7cf3019efadb732,304,19.036672269387797,0.06262063246509143
e9c064413a4c03ac16c4c052eafab8f9ace35142,208,17.395551737012877,0.08363246027410037
351a0c9f70d8422c6a495a359c95acdad0273a1a,68,0.6534324154392981,0.009609300227048501
ac2e74da98e942180fdb04f17ce1c9dc7ca63866,480,1.3114688009428357,0.0027322266686309075
0979d5d12b62389d6e74af49e208dc793375432b,952,38.912828301046176,0.04087481964395607
68bc588fbedee8e8d3f1a8cf0850e86749405b45,135,18.47519456251623,0.13685329305567578
bbda9d7771c73906b34826dfff45666efe726459,480,15.934724790743081,0.03319734331404808
86e96ad69f49c7fcac310af9944d23cd2946aba3,144,10.940242122123767,0.07597390362585948
2950c41b872bf0839e4ebd76e3ace557a546f878,30,6.599760426101929,0.21999201420339762
ce9acc315e8dcf03a74f1f4c3b31c356c7c03606,72,8.0,0.1111111111111111
71b16c3ed7a41287517739d9bb74e597a4a0adf3,2119,28.28853608808906,0.013349946242609278
a33aaad60afaff99dfe34298e0828642693abf4d,6,1.0000000000000002,0.1666666666666667
36636c094669234ea499d516aef40e9062e2eac3,7,1.0,0.14285714285714285
2c48d6630200c428abf45c87f17006a5cf3e0756,54,10.342496059097558,0.1915277047981029
441bcd13f58a20a6dde1ebd710aa8e5f04cc19aa,231,12.202620080730952,0.05282519515467945
4cb2d5d4d6186d3e97e0e14d1ea25581a9ef83f0,240,13.292938036398278,0.055387241818326154
a5a3a2865d62aea751d4f5ec44fbbf9a44cac5ea,30,4.881352109630756,0.16271173698769187
07ef6df2e3bc624109969e565141a2368128209a,1886,43.5340073362849,0.02308271863005562
efc14764808ec8dc49866d92f6367cd016d66403,312,2.0,0.00641025641025641
4580108a0214a0caf37d6901d16630acebec46f9,324,32.135255487627774,0.09918288730749313
ca42a6a921164e74090211af53c96d29e949a5e3,7,0.955728617309069,0.13653265961558128
2c97e4b3001d223db2e8fec2b9d1f0e56c8461d0,143,14.027537164464157,0.09809466548576333
d821cc5a029048413d58ea9be6887f8ed6712f14,2420,118.8088715816895,0.04909457503375599
b882f4005741b1fc248151ff5234e82d4f1b4daf,60,12.299558794030688,0.20499264656717814
bbbf47aff47d0a65154f599108e797fd6e17cc9d,40,5.244500198985797,0.13111250497464494
478c3c306143491501b485dd641280dd410c1716,264,0.7045242866759707,0.0026686526010453434
66cb1a2e836d9a480fad36e733d4f68b41eee7fa,33,2.958376952057813,0.08964778642599433
b904c3ad03183a2f9ce543c5e4fbe6ec4ea2997a,200,5.883254143874664,0.02941627071937332
fa714a0be28828a6f2bb25c27c2bc2b183fbd1eb,546,29.558071505870206,0.054135662098663384
b6256e230ff0a9613aa99b106270d98dd4593bdd,143,20.804206317483,0.14548396026211888
7322da961ba933bc35e14f2c959f728572988e0f,924,5.7137911668124985,0.006183756674039501
f4a06dec969ab441b7bf5dac8bc659e1c8a7a3b4,1554,64.42834632286501,0.041459682318445955
c8b8fd6b4d11f0a32f3fd5e40d8626f1257a3d2f,8,2.0,0.25
50ff42ab6817cc867173d3cfb8bbadaad7f43349,1830,69.08428187660033,0.03775097370306029
c9614a5d2dd30f32dce5a74b37fad0d09b50db60,2,1.0000000000000002,0.5000000000000001
832ec66b76a50fab265b4884f3391d618ed2b269,123,0.7866824963254053,0.006395792653052076
b368d6f5c1f64aac78476aa9fbb8780d1b1c74cf,2880,2.9440758243505405,0.0010222485501217154
7acf13220b5898484ae3ab7c414dc6330cf4c9b3,527,20.295847514939396,0.03851204462037836
2f5179969791dcd10c24f3d9d1c2fb24966e058b,7,0.6875283246767451,0.09821833209667787
fc36f09e6034501da1587d448b07a0ecb34500f6,18,0.6837025803766151,0.03798347668758973
3e2f2329f2aab1c682102801eef22ecad25511ae,1144,72.51353121419892,0.06338595385856549
23a5c24952f848403dba69191e5b4b713c858a7f,1316,4.58202920030568,0.003481785106615258
4931dfd62598c789b0f42096fdc1a114d799f10e,16,0.9982883283795764,0.06239302052372352
a1153bed35b7bb805f56bfc82a5d913f74d3d0d7,56,0.6571324463876203,0.011734507971207505
e1dc5a1965c95e3e6bcad42e9909cc35ca346930,32,3.4355793764947764,0.10736185551546176
d248814db10fbe4c7052a6de4ed6a69dbe7cc94d,7,1.0,0.14285714285714285
29ad9956e09a39e4256c0f13f52a85e626dd9e5a,238,30.437404653756445,0.12788825484771615
c68a83122494706fc481793db8321e392503ebb5,527,20.357440650237695,0.038628919639919726
67a95045a5ba1d7918570c920f675bfbe4e92813,42,12.769243768978088,0.30402961354709734
c6ddda9667bdc7b176065bd868ab10d070262fd3,13318850,33341.703806901176,0.0025033470462465734
0d4e591f680453ae00e47e8c3d2c6b05d7b54062,297,0.7986813480251129,0.002689162787963343
41cc5cd57bcb777a65b28cec9059ca5809f9c0ff,500,10.23768675382316,0.020475373507646322
08882553071c18888813e5f553c7e9b2b9674eb6,20,1.0,0.05
cb0ad72cb19f1cc4fad8e66276e6cc887492fae2,35,5.0,0.14285714285714285
b8468ebce35e3486cc2f23cae622d09d17df1514,16,1.0,0.0625
447a709ef784e170884e09129a31d081e7dd4c29,49,8.616732896419506,0.1758516917636634
ffb6c72d8045267a2db6d4daeae0b917347a9ccc,6100,7.944643351010727,0.001302400549346021
dd2a9139377d2bc8c5842fd51add9a24636ee4d7,572,27.62716738343522,0.048299243677334305
db24fee2e23854f5f508260a6961de0bb8fe1bbd,1410,68.18511385610682,0.04835823677738073
15f3fb0669fd18fc95db810be5c8c6245f5e9339,104,0.6202181436924572,0.005963635997042858
6ba791e6ba0a8780b2d332ab6e080041263472d7,3,0.6746361633374367,0.2248787211124789
74d4a2a82fa7431d0fb4242a964ee0d0de66ea23,231,12.506446900216421,0.054140462771499656
39cce2e0719c7b06edeeb4419d36130c6aeb9329,1890,0.620933221828441,3.2853609620552433E-4
8ba636fba1ed6912dbbb417bc0339cacfaf84e19,12,2.0,0.16666666666666666
8c133042588285f22493f1abc54027b38383b081,5766,2.3079540083059196,4.00269512366618E-4
83578be10ad19349510441cb05c3e1542a475d94,28,1.0000000000000002,0.03571428571428572
4de3c3e5ae9c3d77d02bc0ea3bd594fb01d5980c,2414,2.769445969181092,0.0011472435663550506
fc63dadeb0b3c2984a99fec7f40c283730510cfc,225,19.804959122423043,0.08802204054410241
ee7ea7cd8a303a7456096ecde7b2daefbb3c893e,6,1.0,0.16666666666666666
4a0343f57255af896d579823bfc2428cda971805,2829,82.75936006179823,0.02925392720459464
a86079afe7e5f497479e3307baa2363d9e4d5434,8,2.0,0.25
2fa836aaed496cab10025e3dc9a22391a3f8e2df,29606,286.4012194248119,0.009673755975978245
af5416f326da27fc547b01a3182eef2b80fd007b,4250,0.7171184176912051,1.687337453391071E-4
2f2ab71c2e8189cc41d3ba37fd8bd5d328d54228,1144,73.0832612209232,0.0638839695987091
b9ea493ac06ed22f513f1882a755b38271c73f81,2119,29.021906572556727,0.013696038967700202
84f276a230283235fbeb768991aefc815af3fb93,54,10.34249605909756,0.19152770479810297
abb8df0a34cf026681802cc9c1db68e6b46d12e5,50,6.389475894171291,0.12778951788342582
7c49c8d2532a69339279c2c3bbc91246034e47e8,30,6.599760426101929,0.21999201420339762
7e1753f291b00336c530a61fdc4b68c01b584dac,2556,5.922377884789951,0.0023170492507002937
24ddf8fc3807bc3d6ec6d1ecf21f43888b593ee1,66,1.2438183956677697,0.018845733267693482
8726c8f6ce3915585969e80aad875b72e3164299,154,19.495812561987375,0.1265961854674505
a6ab1d846f2468c4ac666107b5335dd7c997357b,247,27.315196038064997,0.11058783821078946
7db3d6cf3ce57daff5244198c9164f59d459fe0d,156,19.42533703548941,0.12452139125313724
c5ee3aa33a8dc06b5237ecd71683027f4aa66f09,200,0.6371372492564139,0.0031856862462820695
1726672cf4171e4ad79a8817be8fff6ee657b1a5,82,0.9520338602721765,0.01161016902770947
fdea9fd669f84ff9b2682115b703ac63b4518257,78,7.380587787909667,0.09462292035781623
6d708ed00ca7aa5f8239fe13ce3d1aba1e7ab94f,387,0.6713819646546902,0.0017348371179707759
3cbd0c852fbc5027b9ecfc47d232ff4cfc8b3dc1,45,1.7231938540772154,0.038293196757271455
ec3719d76c314c0f81a48cd318a9eea90689c15b,60,1.5392387867233044,0.02565397977872174
0e6854024d4185312c0fdca791ef17bdcedba6f9,6063,94.95679667549287,0.015661685085847414
539d297c9858005e1179d2863313e7e87338a872,304,24.053984860108127,0.0791249501977241
e3785590c1ec80d67508eba3a34a451168f7ca83,972,1.4166269587497216,0.0014574351427466272
69710d3eaf9dd370c2d4ddecd95f67376f6d5e06,572,27.5541721886915,0.048171629700509616
fd3cdc326de50ca541b1d766484a4758034c391c,2626,2.3935834118564947,9.114940639209805E-4
1cf5ba50dd83eef7a63bf7c530821ad31f7bfd0c,626,0.6064875823079512,9.688300036868229E-4
aab4536278d8f4c4b4b66270a997d1399ed79d57,304,19.164892041892063,0.06304240803253969
b66ecca5d7dbc8ac42546b3b9b63d746a171a396,696,0.6992361287751773,0.0010046496103091628
03d8b4156bc2f7acc9aded8badf51448acfd6e60,82,1.7296626349690993,0.021093446767915844
152183d48b74fcb373eb0d1d2f0d3e3650e07f3e,30,5.294841532713582,0.1764947177571194
c2fba8a6d4ce3f9d02750a68f8047597e0622f8a,2145,77.98124607736506,0.036354893276160864
aa9a3e51e2d9e266a93b5ba1d0ad4c19ad7b5cfd,60,2.2575355890286737,0.03762559315047789
67d4b78620c024ece82718d31c55fc9d4fabe373,160,20.37449152918401,0.12734057205740007
3a3f00e638540fb3ce923244dc2d514d7f862973,551,3.7303776236334927,0.006770195324198716
46589024f5fffd139734c31783bb6c8e4cf7e271,126,1.0000000000000002,0.007936507936507938
b6bb0e3364bbf046321ba83957a20551afa45955,4365,0.6987620662571004,1.6008294759612839E-4
401ec28bbf9f6ecff3730c2e95929f6b6a746859,15,3.256547749024649,0.21710318326830993
8305355b32fdef6458a3843adb4a7d42e385c2e1,484,40.84114805772031,0.08438253730933948
7fba5df0ec780717e2ee2b83d9ed367792a2de84,638,41.02529110267578,0.06430296411077709
6fb54fec23d8264903feab6ec74a111745b18a01,528,21.525201182512973,0.040767426482032146
ed3dbe7485e040a5dfec9244e3868b9ba2c76033,700,1.9206940465973648,0.0027438486379962354
6da6f2281fba58d62d29a81334895f8ee09f9792,1200,0.6053397903197012,5.044498252664176E-4
c8a573266ff828a36e9d2cac17093156d288205a,40,3.7747835211801783,0.09436958802950446
eff085fe9b68f168e8c3276701ada135388b1c03,868,48.9330103809518,0.05637443592275553
1444173e6e35a2a34c28706901b306697877f23c,67,1.0,0.014925373134328358
4bb3dc157ab7e907dd5baa97eb1fa80ea471cb53,3,1.0,0.3333333333333333
3b7c0bb72e48a7c0c8b5afe9db5de4870a303f48,378,3.0823592013992687,0.008154389421691187
dace336b0da0687875d09aa2fc40e258490ae931,464,5.157478494784493,0.011115255376690718
9448638f5f9018ac7a006a2354578a4e607dba43,6003,12.196617443079024,0.002031753696998005
6a4a229cbecf8ed94fdde6f5efb0c3be6a13ce10,35,5.968702672956736,0.17053436208447817
d7b39faf74407f7b568192db893f5988adca2619,14184,9.941672415325725,7.00907530691323E-4
91d6e9f0160e30d93aea326948db5ac024739e2f,294,10.015453642098509,0.0340661688506752
66fedd82dd7c8f707d81a489526dfe981001b2eb,49,1.3055876607555157,0.026644646137867666
3a16fe92d05465c1dd4861d430a9969b6477953e,5,0.6467588658482374,0.12935177316964747
99ca885c12946065b518f8232a636aa606f9c004,528,31.184467609204745,0.059061491684099895
386ed2263f2204710cf5cd54f4a31b7f1aaed3ff,4,2.0,0.5
94c5f6e420bf362035f082816ed535525ad07f7e,182,20.30890663584038,0.11158739909802406
5114751c5de91c802d69a5171f2f7d9c5676931c,14042,423.30240278143316,0.03014544956426671
3ad911c5ee9340ffae833f339911cf295b9f4d11,70,5.0,0.07142857142857142
d56068c661fb474f8a7b8ba589d036b8a7fab5f8,35,6.366723144130058,0.18190637554657307
3478c389e1a9dcc210f7d821eabe8e05909b8808,72,14.025846681151252,0.19480342612710072
3ec3309faa307b2dcf03ea7510d43a0a6fcc9af1,27,2.0,0.07407407407407407
91edb244f2cb4bf1aa2c792d629753f060ac5a9e,1791,4.071663485118153,0.002273402280914658
5297f02c5fe9472e835542efc2f870fee1cc5459,60,1.57956464764734,0.026326077460789
e454397f20fd0ea0bdcb7d7682f34daaa0094721,180,3.039662956588546,0.01688701642549192
f795a3a22dddcbb02a475e385008a255f451e8fa,110,18.29195064323395,0.1662904603930359
868ce83ec5bc5c1c90347701bc81eeaa433d729c,16,1.0,0.0625
b6e9699eef5444c02d6e86a01308245b793ce85c,3360,2.926088352657571,8.708596287671343E-4
29fb582d5b60139be0b5b1db225bd7026ab4511c,2556,5.903008766103882,0.0023094713482409556
31246e2cd3356b224e5a5404ec0476f97241235b,1155,2.9569665503979654,0.002560144199478758
0208ef7f7ab91baedbae5425068bc6c394e0d3ff,240,15.154883996199707,0.06314534998416545
632d15d660a1666e78f46cbb7d8e3d739ed04f97,1554,64.42834632286501,0.041459682318445955
b46c327160606861c416b46ed13f4e4deab443b7,221,16.642962041497093,0.0753075205497606
3c676a7d70eed39d05df0bc15afeccb937ce8d1a,63,10.354458377340537,0.1643564821800085
aaf1f28417b5c95115341e60017be2c74a9c3759,878,0.6658165066382286,7.583331510685974E-4
7993e58d496de890172ff8312809712dd5b11a24,420,35.13731486076758,0.08366027347801805
a2ba044679ff0ef81980d69b20acc6546335e610,12,3.0,0.25
6622f99b8d2254043e4e741752c6a889b076332b,4,1.0,0.25
51824ed10c4b367d8923de51ef7b55d7a8274ae5,17420,2277.50472511614,0.13074079937520897
0c72d2eb31e370bfed70df58c81d6aecc7166a06,15,4.680300153128312,0.31202001020855413
b70894333c6d173258a070242935f7babfc2f7a8,713,94.47146248908784,0.13249854486548085
87a798ae9528dee4e9bc7abda711df546c3b0ca9,306152,915.6685521856691,0.002990895216054996
79d5f8b41e8c34be64c5b72bc6601215f129d0f1,713,94.47146248908784,0.13249854486548085
2da1c9d3425bc4ac1d8544bf09b6992eec7af8bb,24,0.8099766713417529,0.03374902797257304
2571d6e48bf756241d21c8de499c88620ac4131a,360,0.7115920235833754,0.0019766445099538205
be4b504db39e9ec36b98a468f4b1a6633e440b44,14042,422.0006702098099,0.030052746774662437
8efca053d65f3521a6d40524f9dee6d49d8477da,195,19.296795793972144,0.0989579271485751
e6859dd7262b2e0dd9af47e22cbc41905464b012,24,4.594352001027081,0.1914313333761284
1fbb1a89e4f3633c2c1d5a59ee21b9318d7324fc,72,0.7060144096037481,0.009805755688940945
4f34d493c158d171927d9aaa5bb92584c385594a,154,17.444710190542445,0.11327733889962627
c918a306fc4dd3f403c047abe8321e645e440de7,805,3.501958950366397,0.004350259565672542
19ffdb4ab8ee281655ef9e597061e9af8a1006e9,35989,5.231113024830484,1.4535310858402524E-4
3cd645e4c550865f625834f1fe3e9e70a5a4e42c,608,2.8560331239897945,0.004697422901299004
ce1e8cc25ff991129033ceb90f23cb0e22298ded,20,1.837849894645042,0.0918924947322521
b73a9b3c56d9c0068fdd563c13b0b0eb61377426,528,31.18446760920474,0.05906149168409989
cad7e4320a214998300818864a08c48d999bad5f,462,43.653855292099216,0.09448886426861303
aff85c3030332744a51fa65d5612830b9a8684ae,1001,15.682220498114052,0.01566655394416988
f7d11a9d1c79fe8a7b40d50bce00b2943313c03f,156,19.37161276758894,0.12417700492044191
f0eba13df8159ef20ee5daf5962cd16281d029d8,28,1.0000000000000002,0.03571428571428572
e60b8b0a423ac354c0432fcd59d4ab8837644c53,624,16.791724057573692,0.026909814194829636
212ec883a4f08e75a78bf3d76b135dc1b3f59b0f,324,25.892888161724645,0.07991632148680446
ec3bdaccffced7f5e14ed35d5c59340c2bd34f7c,513,1.7735133935628475,0.003457141118056233
c1ee9ec8708f71cc3b0744542dd79bd673c92e9a,7,0.9999999999999998,0.14285714285714282
03b3eb7e947a8cea70421fcc64c5abe2728865f5,14,1.0000000000000002,0.07142857142857144
cb8ea6e4a88cd2ee57ae69f13d2eded444c92f16,3888,2.17385475957866,5.591190225253755E-4
f6b040d6d6a0c13655e085114d6a84d27833564d,864,44.166850162990855,0.05111903954049867
f7b23272d61fafad4ce634fead41862c235cfde9,195,17.794937151672382,0.09125608795729427
2254bcfeb5920a1ea08986c5aaae1b82e2fd40a7,240,29.107153436323756,0.12127980598468231
8114a0282d47d7862a49768134847cdbc99724f6,200,5.881182978782377,0.029405914893911884
ea6750dade5d3d5ffbf4138643bbf4a55f03eed9,24,2.0,0.08333333333333333
045049f156c2d69f1a4c5b4df8f375739fa46382,196,24.87445854862167,0.12691050279909016
