31c7aa422817b14ad9da85e9795a1ab52e96906a,1990,8.014462217860942,0.0040273679486738405
5ccb0570734342e7db04353790f4cfdf617b7019,697,1.9355215635516996,0.002776931941968005
9f914808d76e33d91b2c7f777809a1bb5b2ec59c,24610,116.24508892792055,0.004723490001134521
efc8e1487590373a9c44166add3e9f87cd7b4561,832,6.1889995557514625,0.007438701389124354
dd2f43778a81fabc099410c3d0198904046b2b36,182,0.49876409830592533,0.0027404620786039852
558aaed407df4de64f3b8a7da70f5aeac285c6e0,1130,4.4191123321936745,0.0039107188780475
d3cd2a78beb3b7b9f967a479e6a910088ef8e3d6,504,2.1671356740835215,0.004299872369213336
6decf7ee9e58f301d60daa2ca55ef82dc53b078b,99264,1034.4110638753268,0.01042080778404383
d6c6a6bd1dac0f40318d605c8bf6e184f0632952,5,0.20597901204770294,0.041195802409540586
17b99e3c5261c74afa2c5c21310dba2f1d430b88,4970,44.69011237826366,0.008991974321582226
0c8437c04ed68f1af4dc7b6acd918d7a329a8276,3182,30.45658656796825,0.009571523120040306
8ac3fc0f64b077485b057ec535eb51e14f326fec,513,13.376111123546798,0.026074290689175043
176d774370dcf3dab73957fc2e98de2ab461953b,1276,2.8545441686562585,0.0022371035804516133
e127573dcb7e89a15f50c2bfc90558a5003de6b0,240,0.3580437935554921,0.0014918491398145503
b9156c375e4f112af4461999865be317c72329cc,539,0.4330030362565567,8.033451507542795E-4
ab80779211bb366c3244a0fd6d43c1d5595c7792,324,0.4386661224705406,0.001353907785402903
ecf79bc0556773853d5ebc86f3b3c95cc6573808,498,1.3420361609381313,0.002694851728791428
3775fdcaac370f6cccf6a7a5089bff12b6f28782,2584,17.072339563271495,0.006606942555445625
7a2eccc2ac457b9d04a98aedbb80b5404eb32b55,641480,8910.06928256684,0.013889862945948182
b5f2a3fe74d0b077cd08c9093c7a3374a0c4941b,66,7.737725035147097,0.11723825810828935
28e04e2b56540dc96d83a2d9c5957649cc179701,402,7.7294642463715615,0.01922752300092428
7d071fda8d7f765f9775b1e5c4baefcaf5446d40,399,2.6061940611326246,0.0065318146895554504
ec445b2ff2ba2abe7a2beb604ab76b9b8e475a2f,62784,198.1433336842578,0.0031559526899251054
ce893581aa2b56b11e2b3bc95103cb1c6e178d70,6880,38.01198192745745,0.005524997373176955
19f08910a01cc745cd8da99f460f6ab14994cab4,493,0.716775317916676,0.0014539053101758135
40bd1b4115b559c62dab53c9e0f6505751b6d82b,2247,21.42189957482171,0.009533555663027018
0044046f59ba40b1f8bbf88267eb1e76793aeebd,510,3.6781388485465296,0.007212036957934371
3cd1edafa73a7d1422581aff10aafc8321b61cc5,5280,29.671437889463665,0.005619590509368119
d7bc25c88e5bf352cfff626a6bb930827543f5cf,103323,716.4209051226526,0.0069337989133363585
c11c4ec0fa8be07d9328bff129c8ed1715a9589d,12420,61.4810211416875,0.00495016273282508
4fd8f64b5b5f5e90136aa440664d5e3487519c1f,1460,50.24077944977089,0.03441149277381568
cc3eca230a0338477c95ea76c41ca9885bca6d19,5359,38.04602300163089,0.007099463146413677
3a32f41cfac1d82c138c3052978229e9e8db6c61,25194,92.53938103551828,0.0036730722011398854
bbc9e8425d4b9f00d53d7844102bf7157f967d6d,11341,63.51363750739378,0.0056003560098222185
c2ed8ebb81c040d026b78ad55245ba2e1f2bdb75,1480,18.617095253923917,0.012579118414813458
51c5fdbfc2fd6850ddbb68558f3cacf414a35f56,208,2.339249814037044,0.011246393336716558
65faafe12f9651864ad7a360ef48ee9dae8ea2ae,217,4.3574726221516356,0.020080518996090486
068bdf4d1994b9bb0af9af650cf1ba1fa834d670,11293,22.587879762325933,0.002000166453761262
e1e5de5a137e6e06eb361c4de4cb13e895107f42,1134,9.670531931257532,0.008527805935853203
a6fb07d7b84e02cd4900fa094d0496ed0d87a18c,704,1.5165381053494607,0.0021541734450986655
c81b9c5f045c8e13c87d94ba25130d4ab1724960,120,2.348719409141614,0.019572661742846782
6d2f9bb1ec0048aa5a3d2c04a5a617c85bbd9d4d,676,2.2267929708742056,0.0032940724421216057
4aaed2fc81128babf5b55b9d6308c347d5316835,7325,26.521364058813,0.0036206640353328326
817dc420ebb83e7739a145320984b09deaf4eeec,620,8.34209021342979,0.01345498421520934
b98a7c0cbf813d856c88cdc830079b808dfe2fd7,60,0.7755619547867649,0.012926032579779416
2dc745620888bab4713cef0c751a8cd96df7c0a1,58,0.2547126442641037,0.00439159731489834
4625a6af160e7104997f3e231c9502cec39794fb,770,5.283992386402689,0.006862327774548946
ba9f77650fad7b2fe7101edda4f1fa0cdb6fae61,10890,43.705774700520585,0.004013386106567547
6830b168067b94a61593ee440f5b55b033e15fa9,208,0.24472376699489895,0.0011765565720908604
0efb81431dfc2a4cbdb0b4b65f97b2fe5bfc8583,68900,448.2399945979094,0.0065056602989536924
dcc0b933fc5eb9ab59237d65b040d011a4a0705c,2508,28.71286327416458,0.011448510077418093
a86dea52e7b585e70e27759dc3a22fb3c51c60aa,352,3.3471861728210013,0.00950905162733239
8ad11663a6b741cac6112b2134576fdd043b9864,28,0.4994649213127804,0.017838032904027874
a7de161894632b7c13ff13a24d1ed97178b6e3fd,224,1.7588809496493303,0.007852147096648795
098e753ab41b676a3b6e4fed4d23e9df656b0877,4140,18.59995657257695,0.004492743133472693
f85aa67a894de9f17614b315e0bec265d1373921,14446,210.01930032206658,0.014538232058844426
b808114594087cab72296fc1b3821667af33f3c6,8160,76.81891334155728,0.009414082517347705
d06f46cb3d6f1655582e2b2916db3292afffa5e9,137,0.7247032019536128,0.005289804393821991
30867cfa2c0816e6736490c521782c7ef198b3fa,2176,0.6105515900690075,2.8058437043612476E-4
4c9eb3d34cd9285a8514e3badab6b36ca259fb48,2176,17.476285496477896,0.008031381202425504
a473860b5aea1b80ac6955769ffdd31a75de7b24,22644,249.24565553677374,0.011007139000917406
def00be226eebb03f99133d88d017b19534ac126,294,0.7829471540804371,0.002663085558096725
84c13e9a9c895aecdd3ce68d801ef8d57aac141b,22770,502.4343205873019,0.022065626727593407
700c39bc0157333366efaf505f4ab3c0d0204a43,3762,53.6577586097796,0.014263093729340669
0fe7418cb5e7672c73520d2a874de4b26b55e899,374,2.4606354752636634,0.006579239238672897
b0644899ffbaa3f6e6b21686602bf771a4ae69c8,700,19.90344618138104,0.028433494544830056
25c6b89e116825607b16cbbe1af9bf0f89c00645,5454,78.44984443483845,0.014383909870707454
f852caf28be5aaabf7181e7db745b9e28379cb99,160,2.055527632548608,0.012847047703428798
aa40ebb463d6f49ddfbfe3e6dbc6474c105a7f4b,160,0.24132649904562523,0.0015082906190351576
b6c791cbe006046cdb8b883d4ee19499140667e1,352,0.9721399620618982,0.0027617612558576655
bba1e67f65ce8659e4d995f22079a8378011fcc2,40158,239.27672863296456,0.005958382604536196
705529bec45ed091a3f9706746e4c4a8d0255af3,1425,9.01633120806133,0.006327249970569354
6cfbc89d0802cd48add9e7af1dafcd5aee84e84e,951,6.459367887450861,0.006792184950000905
1c1e82e0ec7be57365735a684a2ecf83e8730971,18411,85.4443632136179,0.004640940916496546
33b26390342dc23fb81baf73a2df3345df5cd1a7,2783,45.23516581661575,0.01625410198225503
774c15fd6b858202f9171e228ea9ac0347d73f1b,17766,155.74816397170866,0.00876664212381564
eb7ddb0f626aac5a9bc5ff3b94bf0d963d13c6a4,43542,140.73132133022767,0.0032320821581513864
b50854582df295e706a82b233821fa1449214ea7,792,9.379861531939806,0.011843259510025008
8bb9d8ac89505fe1cf43bcd1d2eb0105d1ccab46,5973,8.168408419982418,0.0013675554026422933
ec1e3a41683e13eb6aad7b286381df7938210c40,10017,70.64227123938156,0.007052238318796202
686350c14a06e3e5ac78dec31d5aeef65e62036c,11480,149.84346549071884,0.013052566680376207
aeafb65bcb25fd25acf59c9161cb37d5a4502497,203,1.0328587576100756,0.005087974175419092
5b98f8f72e2ad54147e6a35c5c14c46151ccf234,2058,11.426454546333412,0.0055522130934564685
4edd6b008510c346175c517404106324adf04945,4862,25.60133616641664,0.005265597730649247
c80ddc9bd133638735beac10248b3920aa87fe79,1325,4.202695534210368,0.003171845686196504
4123d1aa3762da5351fd0ad61efcf91658a31bd0,33616,244.12152392689978,0.007262063420005348
d8c31b2820d716e4e30e0ae571d365e5d004c732,1537,1.120240332877844,7.288486225620326E-4
30e67566cfa22eb28374f60e4ff40ca8c93be5ca,210,17.48858746938098,0.08327898794943324
832c49c16c95188a0643f4e70eb10b50d0481022,1008,0.2118097438540371,2.1012871414090984E-4
03f367193a9cbdfba440ab8fa314368f4292b831,2928,4.615671624564843,0.0015763905821601241
8b9db713e4866f9536651603cce567bbfa3b9ec0,1767,19.110310664731816,0.010815116392038379
253bd1078fd43dadbd931446627eafe0d96feeb0,5967,23.5759867375566,0.003951061963726596
f81f68c869e8a18e44c59096b916c78be0b184ba,632,8.474751241361696,0.013409416521141925
243050d80d9ddce76e1183a2ddacd1b0303447f0,24990,164.4563910361038,0.00658088799664281
85baafd701be1942f7995f779ebfbba5f24c6c4f,7696,39.389104274508696,0.0051181268547958285
b38395395eea4563627c9d03e6f77f4ac614a10e,9176,12.271272031466054,0.0013373225840743303
f3871437f78b6b6b65cac0e89f2a837c2b1189e1,2967,29.30115772239721,0.009875685110346212
67f044548ad20bd54be867a5c8f354b4e41358f5,689,2.3026602461103733,0.0033420322875331978
1aa43a3640288fdf3f552af097b97230f6e8ce0c,540,1.8927712287556435,0.0035051319051030436
83b0f575d617e97a682c4ca0d1ef1a1185959a36,1920,11.855607206873199,0.006174795420246458
682f3384c021de6518e6039ffb54d910eefa373f,204,6.655715772533532,0.032626057708497705
847a14f92ebcaa975131a57c49d32b35ee935da8,1360,5.552608031140459,0.004082800022897397
8ca29830e25900fc66734c7008cedc56f0186397,2667,22.327729149710642,0.008371851949647785
1010bb372c0a5f1e9d734cba512ade033e3fdd1c,558,1.7460462783977557,0.003129115194261211
09fcd641628f86fc6be697951838f7e376c809da,1040,3.723946904519269,0.003580718177422374
eb79774381990f579c7f2a18c8547c891c141fac,333,2.1721642085091513,0.006523015641168623
41031d274c3901a71fc8100fc04ec073526113c6,1530,10.862090765226629,0.0070994057289062934
1e4d2a5d10c4988b492f2df69c5107dd4fe6127e,3360,11.568370226637494,0.003442967329356397
caf1f7c683d63333dad16c4a628199a21efde3b8,442,11.592954371740605,0.02622840355597422
f252788d4e59e6350c6b8f0d50a5dd590e83a23e,18486,159.0789067684995,0.008605371998728741
c6c845b46f6778d06059b5e99ccc41c03a274b23,17595,32.602196348241854,0.001852923918626988
affe3c2c6e0dac17d025120bc6111e6d51e936b5,8000,19.784786770833055,0.002473098346354132
0a6f773940006cdc630499ca0b8c839d10ec0860,731,1.4758029787056075,0.0020188823238106806
0727ee7d1a759ef074755eddaaed55e26ece7f42,3648,7.328370351211255,0.002008873451538173
093dfd768e4d09f9c8ead13187b4fe27bca0712d,3570,39.68689973963296,0.01111677863855265
bea8e8331e7508acefa50bb9dd3417ad1f679bca,16390,148.89224727892397,0.009084334794321169
2c7c72661cfde72a197ac9f7282aeb5d5d1b4b17,73144,414.8281572990638,0.0056713900976028625
2fd7f45bfb224e2e9bbe782ca37184bd88af7167,3450,29.62573530054441,0.008587169652331713
440d5eb696e5dae2e73ee8c6f98ed3fe707fc624,536,8.666457272320027,0.016168763567761243
c946ad982ecf4d67a6b82bf939c99195d4606885,3320,29.201278156711155,0.008795565709852758
e44ad0f5bba3d656fc06a0dc39c8fade3cf0025a,2065,5.854262658660943,0.002834994023564621
7453b494cf7e4938da027198bff838f4f5634ec2,46,1.506942282375499,0.03275961483424998
48bb5166b2da5a0447e451ac31ec1f08dd41023c,116,2.089260593226912,0.01801086718299062
301a25a21e9e0fd4b8508624ee87840cc7564ca4,35020,485.98512693705544,0.013877359421389361
2357971de321333c078bd29fdf17bbda4cf0ebf8,66,3.0599023324374603,0.046362156552082735
f7a10f85155a7b627b44ea8cf511926a8a06a34a,1512,31.028437853811162,0.020521453607017966
0f9b29aeba0aa095e469f6efa882a1e2213eb2c9,1107,8.805714118234762,0.007954574632551727
ca4eeaf3244ad2f2a32cb93fe79b8f4c2345a340,5103,6.881173360621436,0.0013484564688656547
084b005bc0b46f532a676f97fc5ac43e83786a49,482,4.154837615438585,0.008619995052777147
d5f86db20220e7491c69202c0ba7fb3660629db9,30,0.8644299187852142,0.02881433062617381
305b8ae6bc4585eeadf6379cc5dc393c104ba8ed,572,1.4272687532975576,0.0024952250931775484
19d4e342eade9082ee6e456d3bd77529da76ed8d,128592,1273.9999279171122,0.009907303159738649
cccacddb6c7c8501019fcea8e663f0420339e4a6,782,3.878594555382283,0.00495983958488783
ee270d31dc75854644d9e299a2acf3d0069833e5,12701,51.384376872043184,0.004045695368242121
e7ac5f57e34e5e08d4264d80157e457817be1a39,25,5.976563928300056,0.23906255713200225
629de935a7765ff7cf445549993ee7eb38a574ff,682,1.5077904144150946,0.0022108363847728662
2fbd8dd34c1ffd844d90c9f35f4e41c6e3e1b6af,1296,84.5400392464107,0.06523151176420579
e7c3e9b9d2490a3f5d9e9287de81cbec50c1bfb1,51,0.8849612914922913,0.01735218218612336
25558237a0f40f5684fb6bc46365ed163cac456c,3979,43.95740519496663,0.011047349885641275
1290fba43fa3aef1ac7103b2582f585a834818b8,4080,12.020673708739071,0.002946243556063498
7c7bf51f622d0e3f561178f9b7f05fba3f420308,221,0.4053752479444097,0.0018342771400199534
ea7547b99fbf033dc466aeecabdaf585321e57fa,2400,20.517995891080087,0.008549164954616703
fa57ccd35528a320272b7ef9bb687b1efedc2b08,1044,1.705021655963137,0.0016331625057118171
d1b1d76067c4616eae8198de52957f0b29d83677,490,2.343552607644234,0.0047827604237637425
5748b6f926cc72261a40fbd18064778d5cf746d3,986,3.873717078460802,0.00392871914651197
a3ef45a7be73af661680afb4343b732cfedb73ae,17178,46.26169061590683,0.0026930778097512416
3289e472c8430dcd9e96b83a9d7340141b6398bb,234,1.2802962725944862,0.005471351592284129
aa4f82fd777943b7c5e26aaf58ca5166e91e3f72,18954,134.73517285982967,0.0071085350247878905
8f4835d439645bb0f6ee2403c9a6987d711648aa,198,0.4966120675649436,0.002508141755378503
aa717fa06ff754eefb47a71143aeeed3d11d2e05,55168,889.2176664201825,0.01611835967263962
6e8a00983cf00fedfd80037cdae2a5d37b5c3510,150,0.22079843071956048,0.0014719895381304032
36725fdb51dc6910ae1a92119fb0903380797eb8,11297,170.49343112496297,0.015091920963526862
0573d48ae7cbd0031e25f1e4b92ad1672628c701,1872,6.260179402910679,0.003344112928905277
73fdf29c632e2bf06f243df72f06df38a76b28c1,432,1.1729387978062118,0.0027151361060328977
41d51bdb27401b6058780b95ac48078fefd52031,32227,130.06499281972813,0.004035901350412019
ed806e73848b05eaf143b11720091fb28d5aa9e0,1222,48.16678157558846,0.039416351534851436
7c2779004be510db4226f95874368291332adb3f,70686,455.838752248224,0.006448784090883966
70fae17fe28b236347170b8d4ba086620a97b6ba,174,1.469547286355758,0.00844567405951585
574bca0b6716f5daaa743d14e1e97c43a400c785,378,0.5909571260689634,0.0015633786403940833
c8c2a2af1c1eb4262e61020e53366ef99642dad5,1520,9.814437712531666,0.006456866916139253
9b704292980387118f164ef72bce81c20ee858ae,23856,408.4516437367011,0.017121547775683314
f6adb535365442ee2596a338dc77e2ce249f4776,174,1.0155636646410722,0.0058365727852935185
d8d4c61fa241b59da1df3287ca2349d7e6f4edab,636,2.3144442560150438,0.003639063295621138
4e8d3f67337d1d4360cf775f40ff2117932ae032,1176,3.367173255798825,0.002863242564454783
c9d59b50dff391bdd46361f4b2ffe81067f8b7a4,4940,26.176771081284908,0.005298941514430143
fd2d28a1f9db4e4c85bf262c271ccfd034050595,390,3.7788492928792814,0.009689357161228927
e321d78e5ae7d3a1c2f61106c499954a120dda57,13257,34.592351379576115,0.0026093649679094903
0932f496f3c0f64f93e037c01a3de8d346dc2f9e,2396,6.194813762757511,0.0025854815370440366
879597dfbca090ab651776aa17166dfe02064137,42362,89.06459331393488,0.0021024643150449667
5e83b028758a0768114f7c405b385e97ef76427f,732,6.279863313881421,0.008579048243007406
1cd60084c60d10c258938b132ffdf82388d4cd81,572,3.166115961000598,0.005535167763987059
5884f004b8b817b0156147def4bc64722cf686b4,2,1.0,0.5
f48beebdb6b2d86b251ffd67aff837d62eadbfe6,966,2.3380794910425875,0.0024203721439364258
66319bc3b69c53e632d333a6fe695bd9ac038973,15228,108.85046389451007,0.007148047274396511
b19e1bcfade06f523f396488ab32c0c5b829c80e,720,2.72348988109623,0.003782624834855875
f092d02437af4c5fdce312c8f0b738d23d668d76,116319,110.3151527571046,9.483846384262639E-4
c2ee8813d3c085465ccd321ef25b7071bf52cd39,420,6.659762432822934,0.015856577221006984
9a8fafb1476543feae995073f278dde4398a2dc9,460,1.1971307977324928,0.0026024582559402015
611ba4ea186bd2283c9877d4ae91577eaa9eaa09,6764,885.0974939974132,0.13085415345910897
7fa16bbbf39d0f51aafcbfe571e9b8930ef7862a,786,5.10091161939586,0.006489709439434936
f5cd647a5b98f0b479b11e33ada47283324f5e99,459,0.48641623546024465,0.001059730360479836
d67ea53405ea97052d035d39d6c86d895ef75e1e,467,0.5069616999661324,0.001085571092004566
8ad9f53dd6feec4096865e4285de04a9fd59e9bb,1060,0.6777145343669059,6.393533343084018E-4
b44083fcff0aa50cf1fc503cfc931dae19e94cbd,439,6.611745708673661,0.015060924165543646
cda3abb06000c0786bed1437a2ccf47d4f3ec19c,4320,237.7465350438555,0.05503392014904062
0ca4fc6ea0d8be97564c95717504fc842359e8d2,3102,13.738754245662614,0.004428998789704259
376c9f5bb5f533c2e2ca7b811aff2a3fa2134484,134745,1075.9669278243932,0.007985208563021954
58eebcd1d902e66ef223ecb9661362c50b96b5c7,103429,1589.266751930708,0.015365775091422213
2086ca12a037660f821b40c5a07b749567640341,24393,140.79711747034702,0.005772029576942033
45d5302a8346259856a4dd2151989eb760981803,179,0.7396495826105316,0.004132120573243193
56ef8a9aec38d870db75ea259273d4a4947ac708,165600,806.6338014446864,0.004870977061864048
b68a1f689e1a061ef294c851d0a6eefe3c6351e5,6463,31.98422876216841,0.004948820789442737
cad3a7c622ebec47b66acca669ca1ff7ca459354,1512,2.109108099262503,0.001394912764062502
d4cf5fb70c4686813246c3161cc21fa6a477dd02,11784,97.71193672232513,0.008291915879355493
bd8ce16920f856d18f05d6e432a65146825661e6,544,8.295538217961154,0.015249151135958003
8101970f51f3644374077bd061f9b46bbc6d340c,2286,79.60639244459752,0.03482344376404091
1941ea5e9a1d939358126bbc22a52bfb99f61455,148840,1181.874083496581,0.007940567612849914
57cdfd9a78432c2cc600e58f0b062df5e0e543bd,8602,106.91641884598506,0.012429251202741812
70dffb6d672d478a808672b609f28df038146d16,96,3.5191984754334733,0.03665831745243201
12d428ef7b47e7f68a573223499eb2022568d7c2,920,5.157741824314541,0.00560624111338537
efe660d79c548454ea3e83a6c50c8f8bc0a53f69,131989,587.8967729972586,0.004454134609681554
380af51d6bc79d62ebb844188db74833d45a832d,20824,40.932330314793354,0.0019656324584514675
8be41f7d916f14e2840f6840f71866d85e47e6f3,1073,2.6870922989453896,0.0025042798685418356
3eaeb6a4f63064489a10dbfbe420aaaa1d882e08,456,7.518463668090589,0.01648785892125129
e30557027f3d0fc571dcac4d37fe73acd3b15ab6,464,5.41663861169362,0.011673790111408663
b08898feb2db3b3fd69350855b814b6580648a72,720,0.24449743057530285,3.3957976468792063E-4
8d9f94932732c445d9a43983e59e74074ee0d5ae,13376,89.75150036865134,0.006709890876842953
a11e233b9e40be6365da2f0163f1f9532a7d3670,456,0.4244374024554436,9.307837773145693E-4
964b1ee7e5681073055b41074a37a52b1201c81d,2640,14.435969763006787,0.005468170364775298
641587cfde40d0fd9795a870be16e2775205f569,1599,9.703922511335218,0.006068744534918836
767f17457f0a732410608ef038e613c22fe36d5a,1650,8.649568926204946,0.005242162985578755
5df886ecb32de2da6c6f68b93d0e8edbaab6489a,68968,577.4732467713576,0.008373060648001357
99585694e5d59fb15c3056b04a50b9c39e34e40d,467,1.1435718977337357,0.0024487620936482564
607255ca38685e2a8939eef9cd3f4f8916dde7a1,6,0.4537732402672408,0.07562887337787347
440fce06f4cee9903e00ec1b1850e4f3be0e17db,69377,685.3024296190389,0.009877948450048848
7e39e6894bc25fbe566008abed02e3fbf23d2771,387,1.8637120501481923,0.004815793411235639
8e8644d0a5ec5f6be2756f7176979c643e89652d,6215033,61160.93883733889,0.009840806772440128
aec2ce7e7194e6fa14a6eb9a82e7e57490bcee83,2666,8.866256433622413,0.0033256775820039055
4f0aa15aa01ca610256e40b5ccb3c3bc54898054,2838,107.4212820020563,0.03785105074068228
cec508f16094feb963a9054045cedb39b802b442,20091,87.32823951231912,0.004346634787333588
2421ef2ed5b5cd7a08a4e61c2e0e135265391d84,1364,7.311816494275526,0.005360569277328098
db283eae24e8bd6738389f602c46b2caff2c0f52,217,0.2617900166067044,0.0012064056064825088
4556b9c4d83b684f25d598365c1adf53e963c90b,1457,15.97130344702725,0.010961773127678277
4d743f0dd256e5af899d56ebf5008524d048ef2b,876,5.213612230072858,0.005951612134786367
6bef404aa8072f2d928350ab07338db0685bdfd7,300,0.7644900452450942,0.0025483001508169807
4825b10b00d7a02a20fd039f3b5caed8a2233ce4,2076,13.036473573811032,0.006279611548078531
c3a601e780561b74be22f30deaccc03de71193bb,771120,10896.41392970276,0.014130633273294377
b7525b12eb6c3e9889cc34a675b07ef3e0e31489,74,0.45714233821591493,0.006177599165079931
6da52900e4df4d196d1388c2d0540a75fb4f8de3,462,8.984002470595893,0.019445892793497604
9d4d644921724b84555dd3bb67fc265014d399d9,99,0.3493386393653948,0.0035286731249029777
600a023ed4501a885685d89235993437d15f10a9,270,5.825365349006076,0.021575427218541023
a65aceebe8daaaffa33a40139899ae7e48a88268,352,0.415905532838839,0.0011815498092012473
77877a93712004009e6bb8a6e7060a44c2e325a6,86359,181.55566194449602,0.002102336316359569
845cd6e21f12ef192a8321be5680aebeae8a341b,1628,25.66350689529345,0.015763824874258876
ca4fdb1178951b1c39bc935bafdb54d95cfe7c18,3690,12.897312363899061,0.0034952066026826723
c021ab312d03ea0d216aef01b25481a9c07d2b24,49,7.922405005421918,0.16168173480452894
dee05a4417f39c2868e21e22cd0e2e9232bbec5f,1313,4.409512903715038,0.0033583495077799223
770aa42fae8aae4ba1d52ab6174b5c7252852e71,1650,23.530475351007826,0.014260894152125956
51b4a24a9de36315df78428519c28edf22da75ba,48496,501.9728565217123,0.010350809479580012
fbbd8c5684fe33d0849aef2ebe6395c563f6bba6,704,0.6743445640747963,9.578758012426084E-4
834f8ebc5ff11b36d2e6fdcd1663fb329c234625,2145,2.014280177763936,9.390583579319048E-4
09082d424a36f5e340371db5d40a89f2ec0cb5e1,3870,75.9564375217344,0.01962698643972465
5887df73e605b1f88a00b6b44f9f3a45978e29c7,1240,4.832467525558615,0.0038971512302892054
761c20a7b7657d5e71eaa17d6845641847385bce,9933,55.02319227157238,0.005539433431145916
7b97ad4e17625780b1db3cf94872ca348e349243,24768,96.59697369839456,0.0039000716124997807
54412a440a118e92beac954d3687f55d6454a482,9486,91.55840759671428,0.009651951043296888
dfda2e0aecb650db109d7a989fa0f98c952e455c,1449,18.348026176555944,0.012662543945173185
f10555205707a9ff857a00097a6f475621fb3e4f,24610,141.68905118808624,0.005757377130763358
c3583719d56ee7b366016014150d9d66ff08f209,1798,11.743926366481569,0.0065316609379764004
d7b20e97730843a27c6be78e17fecdcecd5565fe,988,3.080238468086768,0.0031176502713428826
e868dab79db82956de4902d52d3cc4c8f9eb4234,2640,31.532987764319316,0.01194431354709065
dd41461baabc6500c4d8482e9a9ba5ab5d82557b,32198,354.1303568046518,0.01099852030575352
616a7aed44ad10db1d9c7c5a3af819e93748a81a,195,1.3705355852158034,0.0070283876164912995
32edb00f4ea80e9a9b6868cb396467f445756f52,26320,165.60805717641458,0.0062920994367938665
4e52d6b2deb9548f88008b53783788bb103bda55,2584,10.875852342663878,0.0042089211852414385
53ffab29f8de2ad3ec276f89ea18afa05c5f805f,4640,10.423719565222898,0.002246491285608383
fc48a7ed65f384cc5dda1e3ab6ee6b467ca53adc,954,1.3879099661939396,0.001454832249679182
6392ae62190d5d991be595cfd381756dc60d78e5,24600,143.6927742756559,0.005841169686002272
2cf88a2f481e652c53603e110bbf700accdf2a16,1197,3.464055996190109,0.0028939482006600744
a415b10dc3a78ccb8f1c18db4872bc7ac33f46f1,1116,1.5263831272985695,0.001367726816575779
90cd0de27e860309c44feea58e782d49a2a4c17f,437,2.128655629942869,0.0048710655147434076
5c5e5a31aba4490c4870225be94305ba1fb97906,180,0.7105233825648757,0.00394735212536042
4453543bc84b8e72fce477e51a64fe7a5bc75e3d,34,0.2793369255960425,0.008215791929295368
12f8e37e3bf42cbed9d3dde080a42fcf445afa95,204,6.159969872721151,0.030195930748633092
f714df6426d657c2725ae09c34dea050f54ae964,4624,2.7271416303309377,5.89779764344926E-4
04e1edf1668ff4902177567e29f2983794720932,850,5.247232606797614,0.006173214831526605
244cd5f10f29c88f4fea5aed5f6e26fd60adde72,84,3.4839175459263503,0.041475208880075595
7412154a06c1ca8aadc16d81696d60b4cf645dcb,86,0.6397196820021835,0.007438600953513762
496bf2df6fd3d94a2ef1931a1f6f6916392ad9b4,1440,10.66763803902073,0.0074080819715421735
dd80acf2c0a1c80e2446b763403817f56cb78acb,80,0.28031205686952926,0.0035039007108691156
3d45d2539c0debc0b817210f11847567093d772d,8621,19.479947024460724,0.002259592509507102
3c3a3c589b78ca9506b57ff65b7d1749a4ccc8f3,174,0.8218648076085812,0.004723360963267708
d4289580bde6f4f9463cc2316b1f2c7728acdaf8,792,1.3315947733200053,0.0016813065319697038
f680499edfb23ed220ec208f879001e629a118d5,16950,40.15773547287296,0.0023691879335028293
abf0f98405a7209a4c53501087a61cf8be40a3d6,3612,6.429355744391752,0.0017799988218138848
666849a12ef87f47b7c1120b2d32324564090e59,714,2.9174922930351377,0.004086123659713078
3018ecbe51a1dd4898af36e5515f0dd515f53f89,2772,6.8915251374584665,0.002486120179458321
009a80470839e73dd86b5570cf1ab351de93f7b4,660,3.5113304557307625,0.005320197660198125
ba247d82dc46b6b0dbe456aa32f8bbe1213ed236,12753,114.42452121547142,0.008972361108403624
016d3078a9338ec1ae8a321a7c665f9c88be1270,2862,17.113106188059138,0.005979422148168811
67606a5b593e59a17c295dc04a6f5ee3be31b92c,19332,225.46638962302808,0.011662858970775299
26056ff0135dbc44dc25af3be920023d14167582,180918,77.42580778209287,4.2796077660648953E-4
6dc2121a3bcd88428dfd43097b897120950489b6,120,0.2180857715764426,0.0018173814298036884
88face45c7b3504ebae428599e769a9ae45b3b99,648,5.3922003496592845,0.008321296835893957
1e6f8f342d2fa1cdcc92efbfb552c66e60c78a06,405824,3986.5632547606797,0.009823379728061129
71a9ea6cfb98cf7c94ebf2d7dfca6803a22b70d4,90880,656.2185546170713,0.007220714729501225
a4142cc803f61ffc5738ac9a735d8f2d8c5e1913,14685,68.04582576106064,0.004633696000072226
7b5d0adaae500cd4dccac71e61687f86f6965203,280,8.30481088451681,0.02966003887327432
047cd16a3813b9dd2256b1f059225abb679b219f,3304,55.3088948689025,0.016739980287198093
cb005d1866647444d4f3a5f54cf3f06b8566498d,20256,158.53540491206718,0.007826589894948024
11b72977b457d0db825efdb56da75c68ec6098c7,450,3.1598967039296566,0.007021992675399237
e6a03442db35ca0a9eec0ef0f1d9eecc6cf635c6,1440,6.727139419537365,0.004671624596900948
ed5178ebadba9367534afcaa76cf963b1d66885f,1044,2.1739775341289183,0.0020823539598936
2708e15ceda114351b1323b703fbb192687b7f2f,21,3.0,0.14285714285714285
172893978a7a949940d94986033bc21eea37d33b,280028,2718.1360517947205,0.009706658090600655
d9857d9b8058e1b70434036b3ffd7ab69d8a65d7,1836,7.13319165570062,0.003885180640359815
0b113ff81451ec75f7bedaa0a34312b975928d5a,1092,5.504027754395753,0.005040318456406367
b8a06eafed53b936d36f333e8847321703e859ef,1204,8.286072241010103,0.006882119801503408
4036530ea082adeb76c14df4e4352d4aafe8cd6e,1984,9.058575649728422,0.004565814339580858
0bf4a3e99713be0299ec57da9143ef50fd9380e7,40544,385.71411519652446,0.009513469692100544
9c05463efdbca276f395ad43f9c889dc14a37b29,850,10.215049753428168,0.012017705592268434
692318593be6e5f7aa5fc62bf624ef34cb5a357a,6324,36.1082614342421,0.005709718759367821
58e88f6e7678417c7b47e470dd35cdf28233d987,162,1.4418808058366754,0.00890049880146096
453e31b6148fc3e225bb603d4d01a133ac5b3321,9112,43.71886625622306,0.004797944057970046
1938891a3e7324006c5158d39f01aa8eacbf29b7,19734,203.3219176381547,0.010303127477356578
db4214a365510a20e791d5b294c956ed0734b276,1643,3.867203384359515,0.002353745212635128
5b6eb1e88456ad790b1ab95d8849ba1e8a5bb6f2,1872,1.6972117737736168,9.066302210329149E-4
b819c68900142f509b86ecef06fc284d00c403a3,51,2.2591313613548043,0.04429669335989812
cac3da04fa240df44cb44c3c932d464b206c57e0,375,3.1142209259996876,0.008304589135999166
ab0d9aeffbcfb62e3f05d5c19dc0cf98f0d06986,258,2.3983141592559014,0.009295791314945354
7b8359061a785fb96126df99b30329c365970bd8,52,0.7406369721986308,0.014243018696127515
be42fbe8b5307eda905bdec4ebdd188dfa06e20e,95700,2051.870005132925,0.021440647911524818
ac04ce6747604e57a12f27c2c8e954d0593237c2,278,3.123059945972,0.011234028582633093
20a7880882d2c5324961fc279b385d1925b939ac,19856,124.02839914201284,0.006246393993856408
2355f2633df01f06f441c1123d2cbc2d5da78793,1024,1.3917365535858006,0.0013591177281111334
a8d6c35fff603917971b3ae3a9f76b4ca5130f3a,8613,27.342133830418742,0.0031745191954509165
2bb48b16e0fd4ae73868baa770887a1d7d2a815d,2184,1.958023224494652,8.965307804462692E-4
b7df03f69e37e515d57dc0f39db823cec517cd01,5112,67.4686881620459,0.01319810018819364
e8194b0d350dc9344c7ac07d4ee218a3dedf4364,553,28.205226890363083,0.05100402692651552
bbfbc4bac3be5349f6ac8a9e33ee691d85226c91,588,0.47014668186195463,7.995691868400589E-4
e8dceba56f99cec85b24f26f94cc4078a2e01961,840,0.5303176120045346,6.313304904815889E-4
33d900ed13be9691759a932b23f94386bbda52fc,72680,4442.103473699823,0.06111864988579833
f03e662934295466c21222bcda667dd7c43f0314,16383,165.48099745948048,0.010100775038727978
d1fe43336a0db064657a0881b26079da3f7cff97,30,3.045113386399537,0.10150377954665123
6d3dbdbc35773a91e0152f4e7eed1e17b428994d,1767,7.157964228479074,0.0040509135418670475
80ff2b0eac3a4773848996022260a70507fe6348,2656,12.261864573023823,0.004616665878397524
d1cb187c46b4801d5fe78ff5d5d37248e118e756,3870,37.830482569394206,0.009775318493383516
54a9683ebe4e463cb6b1012bea7e4722746c398b,398,12.348650777872965,0.031026760748424535
0d049af8c2f514ddbbbe0dd9d96d7ff0f2135cf6,21754,176.91678109612562,0.008132609225711391
26dc7912feaee750a46126eaba59fb0d2f0f5ab9,940,10.571324079162595,0.011246089445917654
f224fcdf6e242fcf20e9079df21ec4c95fda959f,335,2.06852022070775,0.006174687225993284
54f528b352a62e95c5ecd7fef1dca64d00977cdb,117,3.221811776215457,0.0275368527881663
9ff86bb622e5f4aa5f955362c0bacf5a9bc3f22a,1159,6.710864068741445,0.005790219213754483
2140316ea54517b2f32f99521954a984f49a0185,1776,4.955253387524633,0.002790120150633239
4a4dc31b3170b77b39ea798ece8282c4d4254091,9734,67.33103990924951,0.006917098819524297
b3b2f567ecb25eecd86493291521e061b5172404,205,0.49543510329699714,0.0024167566014487666
044054c3c99f5e55346fdb2c0f56c375693e66a1,676,103.47908854993105,0.15307557477800451
b994b9d88cbbaf2ea4b7f6981d3a8ee5d68f62b1,154,0.47066357892235167,0.0030562570059892965
e7a17b77221a71d1570305e224038f4423243eb1,48,1.2562928533604838,0.026172767778343414
6666a60b776ea31f9ecf9bde364723dcc3f9b2c8,4995,83.2368730916682,0.01666403865699063
fb44978c0a5a6a8a6158b3cd31742f82a047653d,6975,55.52437420711585,0.007960483757292594
c8bd0628c394d823fb567246672bf9befece9916,8,0.7570680269657267,0.09463350337071584
c047f3fc38b805d7ad623eb22b7c790d1a83ffd0,2770,11.507352792023127,0.004154278986289938
eeed9c29d0b32fc8f3ee27bc6ca2f0d53401e23b,847,0.5295472883675787,6.252034101152051E-4
9f3cb3dadb4f4a1d90f0cf81b576f2232e9f73ce,2322,5.419503296913058,0.002333980748024573
e615d2d390083e0512b40b1744ded81c9d362bba,37960,123.9130550545409,0.0032643059814157246
6e9d7653b8accd01f85ba37e4788b87da53f23b7,88,0.21290418781431575,0.0024193657706172243
8e39f6500c4216f0f81bd33ef4121c4ce7ede0ff,325,1.7907307551257332,0.005509940785002256
581942cf25824a9eed553b6fa0252b5d39d860a6,924,3.0815078981959654,0.0033349652577878415
3cb9ad34160d4734a6c6e07a6b227039e4b50a7d,927,4.024547989877551,0.004341475717235761
5200135b83b6faed16b6176709f84058d19db8ce,61523,787.8334640881974,0.012805511176116207
a1ad0434b9f3b348335dc2dc45b72d0edf88d4fa,6248,6.3364890737387904,0.001014162783889051
5440aad125d3a6a0da4214cf770ad5b9b0615eb3,252,5.129435134039812,0.02035490132555481
e49ba52364c3f26cd9e7fa0962c819f90be93e79,20500,115.77969022421664,0.0056477897670349575
548e1c61a2afbbf9543a263d58a2dedede79532c,30,0.32597067566809224,0.010865689188936408
23d6487c21a63b5a29d5876d6d112582df700347,175,0.822463666511505,0.004699792380065743
d0672a3b6ac8cc08549904ab87571b68ed6a9ccd,204,0.7100151457505248,0.0034804664007378667
fd00762a9bfffb04c020a098ad5ced5a0f0f8154,306,3.1425317756106548,0.01026971168500214
57a3f90f55bcb4ebb1a6e4d235fdd9632b9767b9,1760,61.42014724133931,0.034897810932579154
f4a4851a03fa1f58e5a15bf21c4d6cc45fea4ca9,13545,186.7037305738215,0.01378395943697464
0957ecd37d4333ae591cdee9d8f510020ff5e2d9,450,3.1598967039296566,0.007021992675399237
371296c81a06559b78509a6bf515f38a7ba26f2e,945,19.72606045371091,0.02087413804625493
7922332797406d982a19288f22ea55fcf746f8e5,25948,115.6705021622948,0.004457781029840249
fbdb7bd8faad67862de7c34506ebdbc1cd2f597e,369,0.5889555074525068,0.001596085386050154
3f5fe5e0a2c1bde919b21a0d5d18e7e9ccdd5003,3168,13.640095978884123,0.004305585851920493
91bdc11880a44b30c66b356f266920ae59e0bf0f,223,2.532238371955339,0.011355329022221252
61e59715943361df8b1a9acfd78ce58144608b61,73960,464.22299970246854,0.006276676577913312
567a110928cf4600d328bb748b40ae9c6e80a893,1144,10.362203120054046,0.009057869860187103
b5df52a91f072e140ca0daa3477171c8e6172f30,558,6.723444809121899,0.01204918424573817
f796b93c31670b10cbdba96fa1e6da772635e8c2,15964,185.23606071191054,0.011603361357548895
da27fed42f30d4bd55afec3136fadd767fe35943,103182,702.0879929053888,0.006804365033682123
0bd0545098241bcca0ac76daeba6a5c53fe0c2c0,1660,9.605072803019263,0.005786188435553773
af7fbff788a8b14870b4dada36056675c1d90b87,1155,7.430344778835584,0.006433198942714792
810d6518ce93ab7fc1dc9db6652aec8f6870f9a1,512,3.7554322766360477,0.007334828665304781
5b3dab3e81d786f1213a05573faf9ef0034ece9d,98189,340.64118671571765,0.003469239799933981
ff2885195f39e7b2b10d88eb71e4a7c0456dba7a,3060,5.657824085288746,0.0018489621193754071
c68c67bd4e978d11ab0da528095f8e9919456d72,1563,1.509242662305758,9.65606309856531E-4
296a57a06d51684078ab066088851a03be6fda0a,1284,5.235402828682963,0.0040774165332421826
762665f4dfecf8f0063c5a1e1fe7b21671b911be,78,0.21651142059482442,0.00277578744352339
be3a2ab4a1323ca784e9ff30b19964c21c46341a,676,2.2252738786538404,0.003291825264280829
19e3e288d53fd877f304b11c4ff8988790f14953,81198,227.4962124479577,0.002801746501735975
97b09ab7a2abe0ddbcc3d23626a132f5372c9b14,34608,445.5981488841917,0.012875582203079973
44e2c15f9de1c6255178b76de247a2b3d732de0b,1204,1.3714811829159004,0.001139103972521512
3124a84a9744562785ac4690f33d00d8b3f579d7,99,0.22347060599718613,0.0022572788484564255
3fa6f4e5232e91c36bb2860c61ca0b071838e112,1728,7.383791142942135,0.004273027281795217
f93493ca8e1c14eb74e5de7d300a16dbe9dc1af2,233739,401.0133385275983,0.0017156458208839702
29fc6b6648deb4236b920c3322e9160d60a2a809,72,0.9711477702934896,0.013488163476298467
d37edba22f6780f2b6735708acdb614f8f525ce8,2244,19.057219752012376,0.00849252217112851
dfdd5bfe9e1f471e4e91b42e3816a65841c909e2,805,1.582627453457013,0.001965996836592563
929b8f44556915033101c36094309a8a4edf4d7f,61046,216.24731307515782,0.003542366626399073
0e3521cf77f150e98e7b3f010ccc9827619467de,22656,46.23521180382027,0.0020407491085725755
62d08f9de1158a0768f828090d1ded20156acfe6,4806,13.904606366544638,0.0028931765223771614
f1f22f23a0dbf3ba47dfd079cc730d9e1b60df08,53431,100.21309471316007,0.001875560904964535
963e3c4f771b6ce02fdfb6d2e611d07e0631a89b,119,0.46531958238441756,0.003910248591465694
5b80a52784a0a26adbd0fdb3fb865d526a90c876,236925,3550.9346423605457,0.014987589500308308
5bf545c06a1ae05c449bceec6e10ad33c740376c,5088,39.50543013188376,0.0077644320227758966
64ba0627961e25ec4e58bfde69179f899220e2e3,168,4.513368813991864,0.02686529055947538
6c3d3130c45ecf454a71470af4c9dc200a7caed4,3286,11.313389894270472,0.003442906236844331
754a3b957bd8d4de947ff5c996a960ccdb7f0518,2028,11.337487877074048,0.005590477256939866
d6a8775626ca94a71efeb443b7f3ce009d5bcd56,9728,2.4978056300947578,2.567645590146749E-4
7f83d1dd1989374e91c2ff0ea09865b00eeb12e7,2576,15.837752808274244,0.00614819596594497
21752ac596ea6a74b8c5efa4824ae66f83c01763,1752,7.810119627608407,0.004457830837676031
1ee2aef2e7187130fa820dc36030a9b5a44c89d6,1595,5.6180943993101815,0.003522316237812026
e7b670ce19e9b59f4278f9a51efffb08f9132158,3360,10.192836155299963,0.00303358218907737
5ba3ca93d67f22ccdd2c88834e74cdf82937ce73,572,1.4110261824651311,0.002466828990323656
0e42f57fcb0702929247ddc7e178da905629c5e8,4032,3.2904450539745507,8.160826026722596E-4
1c807820189f14698c9696944fa3aa81f4bfc664,2442,14.553413947405204,0.005959628971091402
7ae2933c6f9530ae849139df3a8978e099e8a07d,480,0.4402411759102006,9.171691164795847E-4
1ccbb9f91a3a981441e9f68c3b97f1b1804f78a3,184,0.22210717850421086,0.001207104231001146
7562fa50de2d95a1f1a7c7446ff50c80e7861c8f,770,0.4073935664083308,5.29082553777053E-4
cde31a668aeab34f66e167883c21622ad6f74299,576,4.276609080544261,0.007424668542611564
51ecc2e32fa63ca94d03ddb5047cc0eaad34f936,10320,57.42074209584522,0.005564025396884227
1d781d388222c640941712d5252c7cc0e3ff4330,2322,11.671323782025214,0.005026409897513012
fd3ffd9738fe1ed1cd06ef56faf35684ec4db54b,188,0.48124528346692586,0.002559815337590031
956b02f02615492690ba7feb3f79959d8f8d5d04,35882,243.00910287789623,0.00677245144857857
3fcda6f6706809b3a2702c09316ec52479864f84,1495,20.43073908624669,0.013666046211536246
2ff2f381f0450870949efd497ce3798fa304a90b,78,4.662208031370481,0.059771897838083086
19b7829736e372194c897c6b998a1b6317b80b03,1843,4.835811311344697,0.002623880255748615
7e034ece0414f7f7b5fab79977d05a7c38eb5091,12320,90.06680944439249,0.007310617649707182
93e8b9b14f51e1ed637c66b07ae932c0011fed64,120,1.3263304014787063,0.011052753345655886
5759493d6ecbff6b9cb705f4a02172af122f3fb3,49020,368.48735458123343,0.007517081896801988
a1022b23300070209801ee3adcfe226ae7575f84,42,3.6744267613925548,0.0874863514617275
43dca4645900692cfa1027973195e93fd9e35901,374,2.4736985739577353,0.006614167310047421
71df266327a55fc05a9ccc43fe78d372b08979f8,115,1.9830293490525923,0.017243733470022542
576cbf364c5f7945bd4edc1e13771ef87b6bc7b8,225,3.5239480508442287,0.01566199133708546
ec0ba19f657775e2249b7ec39c000016e2ec2b4d,1104,4.004741505834301,0.003627483248038316
bdfea4776c25567993dd46044eb773967d488f38,6408,22.676987091771966,0.0035388556635099822
349dc889944e2e5847fd0dd3ed44c118a1a950c9,943,0.6749568529442291,7.157548811709747E-4
fb13f948900ef073b82ad0f53c579ea919d1bc2d,33528,228.38691239521225,0.006811826306227996
38ad0ec3d6d4403ca69621668810d086d40f79e6,8424,111.26273253647753,0.013207826749344436
abb3a9354192bb66281fd2a08fac5ef4a904a319,306,2.0465415727933913,0.006688044355533959
7cd63e29812bfa0da051d26aacfffd774aff83e2,1054,5.340281094790893,0.005066680355589083
aed6a909211ab91630638a6ca285f98522181742,176,1.2581127882009533,0.007148368114778144
643ecc3257ba8b397d5ca8ca9c51e3519f3c3b4b,288,1.0839227385125696,0.003763620619835311
f6011a356d1c4f976b37a05f82a67f922c3e672d,558,1.035022936003685,0.0018548798136266754
fe5d171f4f2b85d63ddd08fda9de011b8f10da16,1032,4.359742837330323,0.004224557012916979
2497c7cc82fdcd4d530221c5783e25f11930b3c2,1154048,18037.453393332795,0.015629725447583457
254de1bbb9aca4c9bc0aacddd17eb380928a6109,21692,113.11992427417438,0.005214822251252737
54ae3f4f0ad6e19cb17df5c927e5fd760ccea91d,64,1.0000000000000002,0.015625000000000003
c44f3da704f72ffdc0b66f1c520d52f394e2066e,336,23.374005292140076,0.06956549194089308
d04c89f905b86bb8fe67cb067d40656d703ce295,418,2.489261586238105,0.0059551712589428355
f7fc0940d030c89405c160bcfb0b4f0fd87e4a13,720,0.41466372594945156,5.759218415964605E-4
4af1d2e738ee5fd62b2c64c253d7b073d21c785a,9570,58.48660945228206,0.006111453443289661
98801f6fe53f2ae72a93becec92db10e891fa80d,12900,52.55295199279859,0.004073872247503767
f8e96beb6917cc2261f0abf82986d57dce5d1bd1,1020,19.11815979413668,0.018743293915820275
d20d0f8a0d946b215324b25bd87d0d4ab9d7b828,605,6.801980714084039,0.011242943329064527
d738c4b6e0267f4f2bcd721f041e56e5ee488744,118680,572.906004795014,0.004827317195778683
3bcfe94d854fdf5819ff5bed4eccb007f1767ef4,32,1.3110106134370967,0.04096908166990927
07efc0f28c83eacf6d211d5bfdf89f5285ab4292,392,8.868526556268005,0.022623792235377565
50b869de062376d4d09063ff1ce5943b14798eeb,1550,13.879849480044372,0.008954741600028628
5776fff40f5886a8ed5adb44653cb156278d004f,108,2.4710567091205013,0.022880154714078716
f64e431e482b23d4bf1e43d88bd70cc909798a80,5888,14.906372017081841,0.0025316528561619973
d22d09598c307d0ecf04ee2dd237077e3733bd4a,1022,4.003020457011029,0.003916849762241712
0ddb44cbe64ba1b5f75e68aa92ee456530ad3213,49770,821.8449402456339,0.01651285795148953
fcf12fcae3c03e279f55c9ca451a4d3e48b0d4fb,6120,51.37103624535218,0.00839396017080918
067bf7322492193ce58d62a9671079e2d587e859,2940,25.64116533480052,0.00872148480775528
0d3325139e22cccc08d6d3e17424d6f0b061e4be,50,0.22117273631529696,0.004423454726305939
