00366ffaeb6fae2033bb7e93318b94842a6d94b9,270,17.795638697916907,0.0659097729552478
f13fc91360321e35335f34d9ad426f5bb3818557,132,0.990676102396229,0.00750512198785022
754cf0f25a2c3d11c589ebeac55898cccd2d1627,800,1.695232020890639,0.002119040026113299
45b12f104472be0b9087e8e2e776b6cc1bf5efe7,110,17.498171653403023,0.1590742877582093
9032f7f5c52b20945bf6cf6bf6b547d8ba30289c,2413,3.607079511981345,0.001494852677986467
922f53e31873ed3651288d1fb93eaebae9716041,49,8.878087231600034,0.18118545370612316
87ddb21d6b24a8ceeb72db8cbd7bccf8bb349b43,2,1.0,0.5
a6efc3776b6d9b218e90c1d39a8d806f7609b2cc,2025,42.74817606085059,0.021110210400420045
d8e593595731b94bf0764f276cce9dd11ef717bb,300,17.048989756934194,0.05682996585644731
f4f21106cbf8338b6946e6f3d86ff3aaf4015970,40,4.0,0.1
53adf8702d5bdbaca56238feac2cf904db94e7b4,896,39.49359929024836,0.04407767777929505
3ebedb4a6283c4ba714a7059ea8b4b3ae57687a2,6,2.0,0.3333333333333333
9c69b1a1c7a5711c9bb53bc7d74ac5df060510fd,176,14.41352548771225,0.08189503118018324
975a312138c3490dc9db4e5c260784845e2904e9,196,17.72512786630263,0.0904343258484828
a0599e53efbe289f70783abb4377e93cf9268fcb,21,1.0,0.047619047619047616
a7ed24b3e90d3a894ecd033cb9878e72d2c6f187,135,8.808150330481844,0.06524555800356921
a4746d6e2389dd40feeb651e8ba51abd63c1f357,24,3.825089813463827,0.15937874222765946
26557074565cfbb6b6d561cd9b8631c08341198f,54,0.8437315744267678,0.015624658785680886
5743f8bc969dfce0c1a0e3e346c8daa3c623c336,238,16.502505651064507,0.06933825903808616
2fb9a662aa3188d0e967a03f17c0cbfb084537e7,2145,2.603654997279826,0.0012138251735570283
f500cc0eee0fe6d4fc5b22a8d391a7e2f8d751bd,1225,4.457319363304364,0.003638628051677032
230b78d33714b23824ebe074b5fab5f0f2014751,38,3.853680326756281,0.10141264017779687
4521f03e15e880688a96a11c901577c262f4a09d,1444,69.74638998176464,0.04830082408709462
009e307dba63236b2a7a952e8a27bb8c32ec1b64,700,0.8742477002881134,0.0012489252861258764
e90422fea1fd085282b34dfebdd938d7eb1fc429,3,1.0,0.3333333333333333
a4bba782e9ef1633d0e1fc5fe13968b81d0acc2e,40,5.0,0.125
717726baddf7216c833065dd60867d5a8312447a,28896,13.644332838197508,4.7218759822112086E-4
df7517007d5d922ea38e318f38e31ad147539034,1771,13.001520387138306,0.007341344092116491
166a486bc8805f341f8b9d27889697ecdd9d85fc,506,0.9999999999999999,0.001976284584980237
70c0bb2c3ce0f96e7e019e5f7f32630ebfbb7834,63,5.835017003012873,0.09261931750814084
fe9eaef2a3cd41182aa2e78470d7ed846e73f823,60,6.72820902220057,0.11213681703667616
bae9ffccf678420e15875b650e37db0568c12139,165,1.8941385696987734,0.01147962769514408
b565cea83514099d89d659e9fb85ee4bfce9e0b5,78,6.637744002563343,0.08509928208414543
b2f6fe8e01a3d9861b824d3a0d39e17c667a7b7e,300,17.048989756934194,0.05682996585644731
d0a0aaf073c28dc26a33e73b360267ef17c219c3,22230,5.607330930074212,2.5224160729078775E-4
ab6e34965a6bd8b92cd1b29e8327d28ba56f7d46,105,0.8116575388333931,0.007730071798413268
74b1e3264c5d76793a98b639379167c648083c30,154,10.806946932542465,0.07017498008144457
ae2cdb6069664810c7bfc049d250f4ad391164ec,135,8.825191011349956,0.06537178526925894
4985b097de34584b2622911336e9191508225321,9,1.0,0.1111111111111111
854e5dd849bd7687a1afc29fd1c15057d3064649,774,0.8840382807652815,0.0011421683214021725
cd00e89d5e5fa0207b29b3585b6706cbf7b1eb14,30,5.648559207928823,0.18828530693096077
e7da721ffe832240e27d680c97acb0a23ff774f7,171,10.253709739122852,0.059963214848671655
d0fe2f203cd631657dbc47c8681122b63e373fe4,600,28.22572654039087,0.04704287756731811
8abfc181f96c0dd598ef886217830e93e0b713a4,9,1.0,0.1111111111111111
85ca61fc0ae4246239bce69748423629d5210f4d,28,3.763070025322447,0.13439535804723027
aa15a0b3c0d6cea4ace49f859f8fbb051270bccc,121,12.836816465055607,0.10608939227318684
94e466466d0365e943215bd15acb4ea376dd68ee,2145,63.388599877675226,0.029551794814767007
1806ab31107a6f860f501dce7ab76ea5b307ebc0,462,35.81810941874075,0.07752837536523971
ea8a417efcb4076da1e65db1109c9c0d9a6664cc,27,2.0,0.07407407407407407
e2ab04896a35b05f51a21cc7151114dc08b68faa,35,6.97301467836335,0.19922899081038145
b6223409788a11ceb42a4419e9f58ab29d80aa77,638,32.49785943953297,0.05093708376102346
1ed56e6bcf72c6e056ed6d2be5d5f0e2270f74bb,528,17.17980896400875,0.0325375169772893
94635605a0ab55f1ba42ccc96c0e4200d59b2e22,12,2.0,0.16666666666666666
74b3659784b31b055fa87e43b2561181a9b4a923,420,31.184250321521965,0.07424821505124278
6df0ca991c977ce901f2df0ae9a4438c32ac15c0,38,2.0,0.05263157894736842
ceae8d41fb29163b66fbb19a06460b3af7bd9aa4,6,1.0000000000000002,0.1666666666666667
6c6fb15edfa2ea8572cb897b2cdb702e33f0e163,1830,44.490207910371495,0.024311589022060928
5945a2af2581a33cb2ebbdcde37c2843644c411d,176,14.41352548771225,0.08189503118018324
d37a273f3618baaf9c1cd555aad73625b7a8526c,8,1.0,0.125
6db537d855494b1a39efeaa2a7cf3019efadb732,304,17.61104520288734,0.057931069746339936
e9c064413a4c03ac16c4c052eafab8f9ace35142,208,17.395551737012877,0.08363246027410037
0979d5d12b62389d6e74af49e208dc793375432b,952,31.21987815635071,0.03279398966003226
68bc588fbedee8e8d3f1a8cf0850e86749405b45,135,18.47519456251623,0.13685329305567578
bbda9d7771c73906b34826dfff45666efe726459,480,15.934724790743081,0.03319734331404808
86e96ad69f49c7fcac310af9944d23cd2946aba3,144,8.808499982059006,0.06117013876429865
2950c41b872bf0839e4ebd76e3ace557a546f878,30,5.0,0.16666666666666666
ce9acc315e8dcf03a74f1f4c3b31c356c7c03606,72,8.0,0.1111111111111111
71b16c3ed7a41287517739d9bb74e597a4a0adf3,2119,22.48243574985989,0.010609927206163232
a33aaad60afaff99dfe34298e0828642693abf4d,6,1.0000000000000002,0.1666666666666667
36636c094669234ea499d516aef40e9062e2eac3,7,1.0,0.14285714285714285
2c48d6630200c428abf45c87f17006a5cf3e0756,54,7.851799360344017,0.14540369185822252
441bcd13f58a20a6dde1ebd710aa8e5f04cc19aa,231,9.426147693393728,0.04080583417053562
4cb2d5d4d6186d3e97e0e14d1ea25581a9ef83f0,240,12.561301682964608,0.052338757012352535
a5a3a2865d62aea751d4f5ec44fbbf9a44cac5ea,30,2.894944077359072,0.09649813591196907
07ef6df2e3bc624109969e565141a2368128209a,1886,38.445780700644306,0.020384825398008646
efc14764808ec8dc49866d92f6367cd016d66403,312,2.0,0.00641025641025641
4580108a0214a0caf37d6901d16630acebec46f9,324,25.01224986898338,0.07719830206476351
ca42a6a921164e74090211af53c96d29e949a5e3,7,0.955728617309069,0.13653265961558128
2c97e4b3001d223db2e8fec2b9d1f0e56c8461d0,143,12.63305838375365,0.08834306562065489
d821cc5a029048413d58ea9be6887f8ed6712f14,2420,103.15697461287196,0.042626849013583455
b882f4005741b1fc248151ff5234e82d4f1b4daf,60,6.729442286098969,0.11215737143498282
bbbf47aff47d0a65154f599108e797fd6e17cc9d,40,4.0,0.1
66cb1a2e836d9a480fad36e733d4f68b41eee7fa,33,2.958376952057813,0.08964778642599433
b904c3ad03183a2f9ce543c5e4fbe6ec4ea2997a,200,5.883254143874664,0.02941627071937332
fa714a0be28828a6f2bb25c27c2bc2b183fbd1eb,546,21.897758633010916,0.040105785042144536
b6256e230ff0a9613aa99b106270d98dd4593bdd,143,14.466788701824482,0.10116635455821316
7322da961ba933bc35e14f2c959f728572988e0f,924,3.88924908412602,0.0042091440304394155
f4a06dec969ab441b7bf5dac8bc659e1c8a7a3b4,1554,61.42796340385422,0.039528933979314174
c8b8fd6b4d11f0a32f3fd5e40d8626f1257a3d2f,8,2.0,0.25
50ff42ab6817cc867173d3cfb8bbadaad7f43349,1830,43.43885394992256,0.023737078661159868
c9614a5d2dd30f32dce5a74b37fad0d09b50db60,2,1.0000000000000002,0.5000000000000001
b368d6f5c1f64aac78476aa9fbb8780d1b1c74cf,2880,0.8132521654044281,2.8237922409875976E-4
7acf13220b5898484ae3ab7c414dc6330cf4c9b3,527,16.76455338740174,0.03181129675028793
3e2f2329f2aab1c682102801eef22ecad25511ae,1144,58.43661529409602,0.05108095742490911
23a5c24952f848403dba69191e5b4b713c858a7f,1316,1.9025882191472088,0.001445735728835265
4931dfd62598c789b0f42096fdc1a114d799f10e,16,0.9982883283795764,0.06239302052372352
e1dc5a1965c95e3e6bcad42e9909cc35ca346930,32,2.814443408981825,0.08795135653068203
d248814db10fbe4c7052a6de4ed6a69dbe7cc94d,7,1.0,0.14285714285714285
29ad9956e09a39e4256c0f13f52a85e626dd9e5a,238,16.463998158071057,0.06917646284903806
c68a83122494706fc481793db8321e392503ebb5,527,16.778633579093245,0.03183801438158111
67a95045a5ba1d7918570c920f675bfbe4e92813,42,9.676889140823834,0.23040212240056746
c6ddda9667bdc7b176065bd868ab10d070262fd3,13318850,13418.799779419745,0.00100750438509479
41cc5cd57bcb777a65b28cec9059ca5809f9c0ff,500,6.013662922035531,0.012027325844071061
08882553071c18888813e5f553c7e9b2b9674eb6,20,1.0,0.05
cb0ad72cb19f1cc4fad8e66276e6cc887492fae2,35,5.0,0.14285714285714285
b8468ebce35e3486cc2f23cae622d09d17df1514,16,1.0,0.0625
447a709ef784e170884e09129a31d081e7dd4c29,49,8.616732896419506,0.1758516917636634
ffb6c72d8045267a2db6d4daeae0b917347a9ccc,6100,1.6630816364904615,2.726363338508953E-4
dd2a9139377d2bc8c5842fd51add9a24636ee4d7,572,25.467614827530607,0.04452380214603253
db24fee2e23854f5f508260a6961de0bb8fe1bbd,1410,51.65081350798522,0.03663178262977675
74d4a2a82fa7431d0fb4242a964ee0d0de66ea23,231,10.235735988280615,0.044310545403812185
8ba636fba1ed6912dbbb417bc0339cacfaf84e19,12,2.0,0.16666666666666666
8c133042588285f22493f1abc54027b38383b081,5766,0.9263207830302526,1.606522343097906E-4
83578be10ad19349510441cb05c3e1542a475d94,28,1.0000000000000002,0.03571428571428572
4de3c3e5ae9c3d77d02bc0ea3bd594fb01d5980c,2414,2.0,8.285004142502071E-4
fc63dadeb0b3c2984a99fec7f40c283730510cfc,225,13.761736211910586,0.06116327205293594
ee7ea7cd8a303a7456096ecde7b2daefbb3c893e,6,1.0,0.16666666666666666
4a0343f57255af896d579823bfc2428cda971805,2829,73.96872490114771,0.026146597702774024
a86079afe7e5f497479e3307baa2363d9e4d5434,8,2.0,0.25
2fa836aaed496cab10025e3dc9a22391a3f8e2df,29606,181.86961833258692,0.006142998660156283
2f2ab71c2e8189cc41d3ba37fd8bd5d328d54228,1144,58.43579143666055,0.051080237269808176
b9ea493ac06ed22f513f1882a755b38271c73f81,2119,22.557041767509094,0.010645135331528596
84f276a230283235fbeb768991aefc815af3fb93,54,7.8517993603440175,0.14540369185822255
abb8df0a34cf026681802cc9c1db68e6b46d12e5,50,5.0,0.1
7c49c8d2532a69339279c2c3bbc91246034e47e8,30,5.0,0.16666666666666666
8726c8f6ce3915585969e80aad875b72e3164299,154,17.541909962994573,0.11390850625321151
a6ab1d846f2468c4ac666107b5335dd7c997357b,247,19.502910691806928,0.07895915259840862
7db3d6cf3ce57daff5244198c9164f59d459fe0d,156,14.571927090507096,0.09340978904171215
1726672cf4171e4ad79a8817be8fff6ee657b1a5,82,0.9520338602721765,0.01161016902770947
fdea9fd669f84ff9b2682115b703ac63b4518257,78,6.637744002563343,0.08509928208414543
3cbd0c852fbc5027b9ecfc47d232ff4cfc8b3dc1,45,0.9765254465309123,0.021700565478464717
ec3719d76c314c0f81a48cd318a9eea90689c15b,60,0.8486719180857147,0.014144531968095246
0e6854024d4185312c0fdca791ef17bdcedba6f9,6063,70.31165358162727,0.011596842088343603
539d297c9858005e1179d2863313e7e87338a872,304,19.664482979041413,0.06468579927316254
69710d3eaf9dd370c2d4ddecd95f67376f6d5e06,572,25.401020408383534,0.04440737833633485
fd3cdc326de50ca541b1d766484a4758034c391c,2626,1.0,3.808073115003808E-4
aab4536278d8f4c4b4b66270a997d1399ed79d57,304,18.442306102172946,0.06066548059925311
03d8b4156bc2f7acc9aded8badf51448acfd6e60,82,0.9489566825408764,0.011572642470010688
152183d48b74fcb373eb0d1d2f0d3e3650e07f3e,30,3.833001822922401,0.1277667274307467
c2fba8a6d4ce3f9d02750a68f8047597e0622f8a,2145,63.48283319701858,0.029595726432176495
aa9a3e51e2d9e266a93b5ba1d0ad4c19ad7b5cfd,60,0.8645030060627013,0.014408383434378355
67d4b78620c024ece82718d31c55fc9d4fabe373,160,16.497090226889775,0.10310681391806109
3a3f00e638540fb3ce923244dc2d514d7f862973,551,0.9999999999999999,0.0018148820326678763
46589024f5fffd139734c31783bb6c8e4cf7e271,126,1.0000000000000002,0.007936507936507938
401ec28bbf9f6ecff3730c2e95929f6b6a746859,15,2.0,0.13333333333333333
8305355b32fdef6458a3843adb4a7d42e385c2e1,484,26.37337755542643,0.05449044949468271
7fba5df0ec780717e2ee2b83d9ed367792a2de84,638,32.45506353974298,0.05087000554818649
6fb54fec23d8264903feab6ec74a111745b18a01,528,15.228899251515454,0.02884261221877927
c8a573266ff828a36e9d2cac17093156d288205a,40,3.7747835211801783,0.09436958802950446
eff085fe9b68f168e8c3276701ada135388b1c03,868,42.270194728788155,0.04869838102394949
1444173e6e35a2a34c28706901b306697877f23c,67,1.0,0.014925373134328358
4bb3dc157ab7e907dd5baa97eb1fa80ea471cb53,3,1.0,0.3333333333333333
3b7c0bb72e48a7c0c8b5afe9db5de4870a303f48,378,1.758370822699522,0.004651774663226249
dace336b0da0687875d09aa2fc40e258490ae931,464,2.481935721660962,0.005348999400131384
9448638f5f9018ac7a006a2354578a4e607dba43,6003,3.66844222509465,6.111014867723887E-4
6a4a229cbecf8ed94fdde6f5efb0c3be6a13ce10,35,5.968702672956736,0.17053436208447817
d7b39faf74407f7b568192db893f5988adca2619,14184,3.6709134259344856,2.5880664311438845E-4
91d6e9f0160e30d93aea326948db5ac024739e2f,294,7.95595761502202,0.02706108032320415
99ca885c12946065b518f8232a636aa606f9c004,528,20.671293412693554,0.039150176917980214
386ed2263f2204710cf5cd54f4a31b7f1aaed3ff,4,2.0,0.5
94c5f6e420bf362035f082816ed535525ad07f7e,182,13.916382334809768,0.07646363920225147
5114751c5de91c802d69a5171f2f7d9c5676931c,14042,387.1813584410458,0.027573092041094274
3ad911c5ee9340ffae833f339911cf295b9f4d11,70,5.0,0.07142857142857142
d56068c661fb474f8a7b8ba589d036b8a7fab5f8,35,4.813032171535316,0.13751520490100905
3478c389e1a9dcc210f7d821eabe8e05909b8808,72,9.788593759400412,0.1359526911027835
3ec3309faa307b2dcf03ea7510d43a0a6fcc9af1,27,2.0,0.07407407407407407
5297f02c5fe9472e835542efc2f870fee1cc5459,60,0.8648648246687235,0.014414413744478724
e454397f20fd0ea0bdcb7d7682f34daaa0094721,180,0.8933139133205698,0.004962855074003165
f795a3a22dddcbb02a475e385008a255f451e8fa,110,17.498171653403023,0.1590742877582093
868ce83ec5bc5c1c90347701bc81eeaa433d729c,16,1.0,0.0625
b6e9699eef5444c02d6e86a01308245b793ce85c,3360,0.825922507705907,2.4581027015056756E-4
31246e2cd3356b224e5a5404ec0476f97241235b,1155,1.6860187074358728,0.0014597564566544354
0208ef7f7ab91baedbae5425068bc6c394e0d3ff,240,13.639112525598259,0.05682963552332608
632d15d660a1666e78f46cbb7d8e3d739ed04f97,1554,61.42796340385422,0.039528933979314174
b46c327160606861c416b46ed13f4e4deab443b7,221,16.642962041497093,0.0753075205497606
3c676a7d70eed39d05df0bc15afeccb937ce8d1a,63,6.8656454850855795,0.10897849976326317
7993e58d496de890172ff8312809712dd5b11a24,420,31.18425032152196,0.07424821505124277
a2ba044679ff0ef81980d69b20acc6546335e610,12,3.0,0.25
6622f99b8d2254043e4e741752c6a889b076332b,4,1.0,0.25
51824ed10c4b367d8923de51ef7b55d7a8274ae5,17420,994.7309678671802,0.05710281101418945
0c72d2eb31e370bfed70df58c81d6aecc7166a06,15,4.680300153128312,0.31202001020855413
b70894333c6d173258a070242935f7babfc2f7a8,713,50.363270549429956,0.07063572307072925
87a798ae9528dee4e9bc7abda711df546c3b0ca9,306152,466.5675775895173,0.0015239736392037855
79d5f8b41e8c34be64c5b72bc6601215f129d0f1,713,50.363270549429956,0.07063572307072925
2da1c9d3425bc4ac1d8544bf09b6992eec7af8bb,24,0.8099766713417529,0.03374902797257304
be4b504db39e9ec36b98a468f4b1a6633e440b44,14042,382.7810864050567,0.027259726990817315
8efca053d65f3521a6d40524f9dee6d49d8477da,195,17.194884882881773,0.08817889683529115
e6859dd7262b2e0dd9af47e22cbc41905464b012,24,3.825089813463827,0.15937874222765946
4f34d493c158d171927d9aaa5bb92584c385594a,154,10.0,0.06493506493506493
19ffdb4ab8ee281655ef9e597061e9af8a1006e9,35989,1.7488194362550806,4.8593165585458906E-5
3cd645e4c550865f625834f1fe3e9e70a5a4e42c,608,0.8385418757471949,0.0013791807166894652
ce1e8cc25ff991129033ceb90f23cb0e22298ded,20,1.837849894645042,0.0918924947322521
b73a9b3c56d9c0068fdd563c13b0b0eb61377426,528,20.67129341269355,0.03915017691798021
cad7e4320a214998300818864a08c48d999bad5f,462,35.81810941874075,0.07752837536523971
aff85c3030332744a51fa65d5612830b9a8684ae,1001,1.7228243588084204,0.0017211032555528676
f7d11a9d1c79fe8a7b40d50bce00b2943313c03f,156,14.625213246879328,0.09375136696717518
f0eba13df8159ef20ee5daf5962cd16281d029d8,28,1.0000000000000002,0.03571428571428572
e60b8b0a423ac354c0432fcd59d4ab8837644c53,624,10.469860241540607,0.0167786221819561
212ec883a4f08e75a78bf3d76b135dc1b3f59b0f,324,20.485054527334384,0.06322547693621723
ec3bdaccffced7f5e14ed35d5c59340c2bd34f7c,513,1.7735133935628475,0.003457141118056233
c1ee9ec8708f71cc3b0744542dd79bd673c92e9a,7,0.9999999999999998,0.14285714285714282
03b3eb7e947a8cea70421fcc64c5abe2728865f5,14,1.0000000000000002,0.07142857142857144
f6b040d6d6a0c13655e085114d6a84d27833564d,864,33.01708595038362,0.03821421984998104
f7b23272d61fafad4ce634fead41862c235cfde9,195,17.17425084241755,0.08807308124316693
2254bcfeb5920a1ea08986c5aaae1b82e2fd40a7,240,21.887555074169875,0.09119814614237448
8114a0282d47d7862a49768134847cdbc99724f6,200,5.881182978782377,0.029405914893911884
ea6750dade5d3d5ffbf4138643bbf4a55f03eed9,24,2.0,0.08333333333333333
045049f156c2d69f1a4c5b4df8f375739fa46382,196,17.72512786630263,0.0904343258484828
