00366ffaeb6fae2033bb7e93318b94842a6d94b9,270,39.23334482027534,0.1453086845195383
e4733c9ca6b02af8ef8a92e006ec851187ea30a6,2844,3.1313451990180394,0.0011010355833396763
6290be256137834b948e91c02939d4a919078587,924,0.37068474778318533,4.011739694623218E-4
a588725f6514e8e47b74e249c83e782670f63a67,258,0.7541497912427235,0.0029230612063671454
f13fc91360321e35335f34d9ad426f5bb3818557,132,3.0943438053183088,0.023441998525138702
0e13740969bf4ee4ff35e0fd0a90c6119e524fd3,208,1.3624205428741427,0.006550098763817994
754cf0f25a2c3d11c589ebeac55898cccd2d1627,800,6.713059551688942,0.008391324439611178
45b12f104472be0b9087e8e2e776b6cc1bf5efe7,110,19.47853864762754,0.17707762406934127
9032f7f5c52b20945bf6cf6bf6b547d8ba30289c,2413,10.590795385677014,0.004389057350052637
695bf5651387af4fcfda2fdbb4fa2226d9cfc76d,384,0.6656569236661116,0.0017334815720471658
922f53e31873ed3651288d1fb93eaebae9716041,49,8.878087231600034,0.18118545370612316
87ddb21d6b24a8ceeb72db8cbd7bccf8bb349b43,2,1.0,0.5
ae0984b6b117a9dd16fa7299d876a5829927dd76,1140,4.329430966861334,0.003797746462159065
cd7693fdceb12ba1bf4ec913e4ada1b90858e527,5916,9.745773840068953,0.0016473586612692618
a6efc3776b6d9b218e90c1d39a8d806f7609b2cc,2025,98.1430077151218,0.04846568282228237
d8e593595731b94bf0764f276cce9dd11ef717bb,300,31.674558043022543,0.10558186014340848
f4f21106cbf8338b6946e6f3d86ff3aaf4015970,40,5.923974430422018,0.14809936076055047
53adf8702d5bdbaca56238feac2cf904db94e7b4,896,59.56182194077096,0.06647524770175331
3ebedb4a6283c4ba714a7059ea8b4b3ae57687a2,6,2.0,0.3333333333333333
9c69b1a1c7a5711c9bb53bc7d74ac5df060510fd,176,21.23242600971828,0.1206387841461266
975a312138c3490dc9db4e5c260784845e2904e9,196,28.25432916623945,0.14415474064407882
0da4c693d3e1aa3d5506089887ee013964cce0bf,1629,3.9137528765907614,0.0024025493410624685
de9607e69f6d85090afc6c92da4e1e29800bb80d,994,1.647965379400095,0.001657912856539331
6fe4a1ebeb409009dc2a5ef97d594a9387de4201,74,0.6337788423407742,0.008564578950551002
a0599e53efbe289f70783abb4377e93cf9268fcb,21,1.0,0.047619047619047616
a7ed24b3e90d3a894ecd033cb9878e72d2c6f187,135,17.626602491277986,0.13056742586131842
7ee8f467fc1856afc5cc89db13df0bf7e98add6a,21,0.3678044810287945,0.01751449909660926
a4746d6e2389dd40feeb651e8ba51abd63c1f357,24,4.838131199161208,0.20158879996505033
6cf4b3ab8be48486ff3d779cd5ed46d0a7c32225,144,4.226768136195466,0.029352556501357405
baec2be64238dd8f4a9be43d3447a7b84fa88737,51,0.43563439444030705,0.00854185087137857
26557074565cfbb6b6d561cd9b8631c08341198f,54,1.9086563227760878,0.03534548745881644
5743f8bc969dfce0c1a0e3e346c8daa3c623c336,238,43.208704346536955,0.18154917792662587
2fb9a662aa3188d0e967a03f17c0cbfb084537e7,2145,13.626355795605992,0.006352613424524938
f500cc0eee0fe6d4fc5b22a8d391a7e2f8d751bd,1225,15.182696976105692,0.012394038347841382
230b78d33714b23824ebe074b5fab5f0f2014751,38,5.175762940015795,0.1362042878951525
4521f03e15e880688a96a11c901577c262f4a09d,1444,89.10073049835316,0.06170410699331936
009e307dba63236b2a7a952e8a27bb8c32ec1b64,700,8.404956290094836,0.012007080414421193
e90422fea1fd085282b34dfebdd938d7eb1fc429,3,1.0,0.3333333333333333
a4bba782e9ef1633d0e1fc5fe13968b81d0acc2e,40,6.836727882816211,0.1709181970704053
717726baddf7216c833065dd60867d5a8312447a,28896,45.39376325227249,0.0015709358822076581
e51804b77fc58de1182222c06d931f14ccf48d6c,2142,7.505124836106987,0.003503793107426231
df7517007d5d922ea38e318f38e31ad147539034,1771,72.04720081546547,0.04068164924645142
acf0bbbc987bf843c6d6747725678fda922d7b15,1452,11.866232149429448,0.008172336191067114
734704676d5bd121992fc47c9cee83aa8f9c8fcd,924,1.653916542330506,0.001789952967890158
de603127130915f84863cac63e60ea037572f836,116,0.3114577614947434,0.0026849807025408914
166a486bc8805f341f8b9d27889697ecdd9d85fc,506,4.155192784910393,0.008211843448439513
70c0bb2c3ce0f96e7e019e5f7f32630ebfbb7834,63,13.902915660159273,0.2206812009549091
fe9eaef2a3cd41182aa2e78470d7ed846e73f823,60,15.249708333005469,0.25416180555009116
07860f72b6afd0112edd3bb02505a2cfc241c005,384,3.7100336337734268,0.009661545921284966
bae9ffccf678420e15875b650e37db0568c12139,165,3.0766192715864458,0.018646177403554218
b565cea83514099d89d659e9fb85ee4bfce9e0b5,78,7.380587787909667,0.09462292035781623
b2f6fe8e01a3d9861b824d3a0d39e17c667a7b7e,300,31.674558043022543,0.10558186014340848
d0a0aaf073c28dc26a33e73b360267ef17c219c3,22230,75.05941454039437,0.003376491882158991
ab6e34965a6bd8b92cd1b29e8327d28ba56f7d46,105,0.8116575388333931,0.007730071798413268
961282db9d3a4f8196d79094f9b56b52bf944cff,208,12.253843894211498,0.058912711029862966
a98ed1640638b180563194e8ca5c21064c82d8eb,99,0.7267270579802527,0.007340677353335886
74b1e3264c5d76793a98b639379167c648083c30,154,20.87703936820195,0.13556519070261006
41eb015f4c8fce72ebd824c7b5a8b9c1c0abae98,300,17.603012362693466,0.058676707875644885
ae2cdb6069664810c7bfc049d250f4ad391164ec,135,19.328493646632396,0.1431740270120918
4985b097de34584b2622911336e9191508225321,9,1.0,0.1111111111111111
854e5dd849bd7687a1afc29fd1c15057d3064649,774,10.556943867756921,0.01363946236144305
cd00e89d5e5fa0207b29b3585b6706cbf7b1eb14,30,7.783262253606754,0.25944207512022516
c17fb14e3d59cbf780ee6ae32488de233f3fae1d,1025,7.372339634264508,0.0071925264724531784
e7da721ffe832240e27d680c97acb0a23ff774f7,171,15.092921706062159,0.08826270003545122
5c92e2b98939d18fbc2ea78d0a7bdcb54e35cdb5,275,0.35496485743952333,0.0012907812997800848
f3c0f3d749f6e5f2db3bb92bb75f7e3dc26e0ccc,486,1.0162086625129485,0.0020909643261583302
d0fe2f203cd631657dbc47c8681122b63e373fe4,600,52.04406780199453,0.08674011300332421
8abfc181f96c0dd598ef886217830e93e0b713a4,9,1.0,0.1111111111111111
85ca61fc0ae4246239bce69748423629d5210f4d,28,4.522450305690835,0.16151608234610126
b6844d9752f1dafe60b1eacd437d9298d0d5c3e5,450,1.9555990973753399,0.0043457757719452
aa15a0b3c0d6cea4ace49f859f8fbb051270bccc,121,23.853828141081408,0.19713907554612733
94e466466d0365e943215bd15acb4ea376dd68ee,2145,87.1130390702462,0.040612139426688204
1806ab31107a6f860f501dce7ab76ea5b307ebc0,462,52.91328750441105,0.11453092533422306
ea8a417efcb4076da1e65db1109c9c0d9a6664cc,27,3.8451988722544708,0.14241477304646188
e2ab04896a35b05f51a21cc7151114dc08b68faa,35,7.539312078295029,0.2154089165227151
b6223409788a11ceb42a4419e9f58ab29d80aa77,638,54.71878321816157,0.08576611789680497
1ed56e6bcf72c6e056ed6d2be5d5f0e2270f74bb,528,35.77431345215094,0.06775438153816467
94635605a0ab55f1ba42ccc96c0e4200d59b2e22,12,3.361482736182505,0.28012356134854205
74b3659784b31b055fa87e43b2561181a9b4a923,420,37.48720441212781,0.0892552486003043
6df0ca991c977ce901f2df0ae9a4438c32ac15c0,38,2.3548823521134,0.06197058821351053
e7dd64c11d0ed9dd859f0d75fc9589935891cda1,176,2.284705170769357,0.012981279379371347
01bf670587df8a3e20017c783d987c49358952f4,43,2.9169264659685803,0.06783549920857164
ceae8d41fb29163b66fbb19a06460b3af7bd9aa4,6,1.0000000000000002,0.1666666666666667
6c6fb15edfa2ea8572cb897b2cdb702e33f0e163,1830,106.88123220141185,0.058405044918804286
5945a2af2581a33cb2ebbdcde37c2843644c411d,176,21.23242600971828,0.1206387841461266
80bf7f3d4c1ab241bc5f964597342affbe51cd4c,812,0.4269828275023872,5.258409205694424E-4
2d8ded4f0c4b134354b82b0831d4309b55a1c97f,805,1.6403189039896064,0.0020376632347696975
d37a273f3618baaf9c1cd555aad73625b7a8526c,8,1.0,0.125
6db537d855494b1a39efeaa2a7cf3019efadb732,304,30.260488035644332,0.09954107906461951
e9c064413a4c03ac16c4c052eafab8f9ace35142,208,25.901901077759483,0.12452837056615136
351a0c9f70d8422c6a495a359c95acdad0273a1a,68,1.2500967472388613,0.018383775694689138
ac2e74da98e942180fdb04f17ce1c9dc7ca63866,480,8.473730164369215,0.01765360450910253
1a6ad677d2da86080e2ff0e0def4e700f5e3498d,62,0.4320874028252738,0.006969151658472158
7f9023feaef35d9cf23d3402098dfca6a2bb5ae0,330,0.6258360416652069,0.00189647285353093
f01a4e989dc5f8d448dc467061f5afa283416798,66,0.6761870324734874,0.010245258067780113
0979d5d12b62389d6e74af49e208dc793375432b,952,49.9609358363584,0.052479974618023534
68bc588fbedee8e8d3f1a8cf0850e86749405b45,135,20.403070781444498,0.1511338576403296
293ba6f6fd02e7fc38efe5742067d8456c60c18d,312,0.7643970653959307,0.0024499905942177267
bbda9d7771c73906b34826dfff45666efe726459,480,16.66599475050294,0.034720822396881124
86e96ad69f49c7fcac310af9944d23cd2946aba3,144,16.43766216170211,0.11415043167848687
2950c41b872bf0839e4ebd76e3ace557a546f878,30,9.05157792324282,0.301719264108094
ce9acc315e8dcf03a74f1f4c3b31c356c7c03606,72,11.495643108027338,0.15966170983371303
71b16c3ed7a41287517739d9bb74e597a4a0adf3,2119,54.96395516971023,0.02593862915040596
e7e6578c29f4192707b16c931b60532a6cbbc4b9,110,0.8407617362972128,0.007643288511792844
682b856f3d5b40286e8dd6d7429f003b1fe1b67e,168,0.37073272987850864,0.0022067424397530276
cbabd20f7c858be60c81592bd614314cf2588ba5,40,0.5895859782810607,0.014739649457026518
2a70a8b7265c278277572e744f52b7bb05b7401a,700,0.45381048942666413,6.483006991809488E-4
a33aaad60afaff99dfe34298e0828642693abf4d,6,1.0000000000000002,0.1666666666666667
36636c094669234ea499d516aef40e9062e2eac3,7,1.4829489576663597,0.21184985109519425
2c48d6630200c428abf45c87f17006a5cf3e0756,54,12.362345575180795,0.228932325466311
441bcd13f58a20a6dde1ebd710aa8e5f04cc19aa,231,14.161106124189587,0.061303489715106435
6d9a2565529025a511ec2b995891c742ead8a222,1650,1.7073016746178906,0.0010347282876472064
4cb2d5d4d6186d3e97e0e14d1ea25581a9ef83f0,240,18.028132380061496,0.07511721825025623
a5a3a2865d62aea751d4f5ec44fbbf9a44cac5ea,30,5.877989995494364,0.19593299984981213
07ef6df2e3bc624109969e565141a2368128209a,1886,63.12494712265904,0.033470279492396095
efc14764808ec8dc49866d92f6367cd016d66403,312,2.0,0.00641025641025641
8ed06bf96bcb16cec7c84ad3be0a37ab0cc75203,140,1.1371058023261607,0.00812218430232972
08f0d3b4615c81eb16ea01d8f4c712dacf93caee,186,1.7950190906461303,0.009650640272291023
4580108a0214a0caf37d6901d16630acebec46f9,324,43.38236902724154,0.13389620070136277
ca42a6a921164e74090211af53c96d29e949a5e3,7,1.7007463491459067,0.24296376416370097
2c97e4b3001d223db2e8fec2b9d1f0e56c8461d0,143,18.741629536586736,0.13106034640969746
d821cc5a029048413d58ea9be6887f8ed6712f14,2420,185.75313714226814,0.07675749468688767
b882f4005741b1fc248151ff5234e82d4f1b4daf,60,15.880521625028098,0.26467536041713496
bbbf47aff47d0a65154f599108e797fd6e17cc9d,40,5.923974430422018,0.14809936076055047
478c3c306143491501b485dd641280dd410c1716,264,2.88007067440564,0.010909358615172879
66cb1a2e836d9a480fad36e733d4f68b41eee7fa,33,3.4220702808122136,0.10369909941855193
b904c3ad03183a2f9ce543c5e4fbe6ec4ea2997a,200,7.262176442830849,0.036310882214154246
fa714a0be28828a6f2bb25c27c2bc2b183fbd1eb,546,44.03315954987508,0.08064681236240857
b6256e230ff0a9613aa99b106270d98dd4593bdd,143,24.796534645040836,0.17340234017511075
7322da961ba933bc35e14f2c959f728572988e0f,924,11.028033556225061,0.011935101251325825
f4a06dec969ab441b7bf5dac8bc659e1c8a7a3b4,1554,81.32224700739005,0.05233091828017378
c8b8fd6b4d11f0a32f3fd5e40d8626f1257a3d2f,8,3.0033617557388492,0.37542021946735615
50ff42ab6817cc867173d3cfb8bbadaad7f43349,1830,108.42954530071857,0.05925111765066589
c9614a5d2dd30f32dce5a74b37fad0d09b50db60,2,1.0000000000000002,0.5000000000000001
832ec66b76a50fab265b4884f3391d618ed2b269,123,2.7732162295774625,0.02254647341119888
b368d6f5c1f64aac78476aa9fbb8780d1b1c74cf,2880,28.067855479203427,0.00974578315250119
7acf13220b5898484ae3ab7c414dc6330cf4c9b3,527,40.41584872365531,0.07669041503539907
2f5179969791dcd10c24f3d9d1c2fb24966e058b,7,1.0919021299763916,0.15598601856805594
fc36f09e6034501da1587d448b07a0ecb34500f6,18,1.2998534941939746,0.07221408301077636
3e2f2329f2aab1c682102801eef22ecad25511ae,1144,78.90758199056701,0.06897515908266347
23a5c24952f848403dba69191e5b4b713c858a7f,1316,9.928197847643624,0.007544223288482997
7a475010d0fd93ece6cc00ee5f4bc77ddeda6638,84,1.6918158510479941,0.0201406648934285
4931dfd62598c789b0f42096fdc1a114d799f10e,16,1.7491289535381456,0.1093205595961341
a1153bed35b7bb805f56bfc82a5d913f74d3d0d7,56,1.2011011281050064,0.021448234430446543
72557bdf444427b5976baa84ae97662797653926,360,3.420750912275915,0.009502085867433098
e1dc5a1965c95e3e6bcad42e9909cc35ca346930,32,5.277793653426876,0.16493105166958988
d248814db10fbe4c7052a6de4ed6a69dbe7cc94d,7,1.4829489576663597,0.21184985109519425
be089cad74fefdeeab28e512bd752c9410c1ba05,60,0.5270301980519894,0.008783836634199823
29ad9956e09a39e4256c0f13f52a85e626dd9e5a,238,45.33377499964564,0.1904780462169985
0643d6e1c5ed5b23ab843f7ae03e55fca143382d,86,0.4378236928400549,0.0050909731725587775
c68a83122494706fc481793db8321e392503ebb5,527,41.17963178094552,0.07813971874942224
9d73b9e155f2372ba18987b2fb7239988e00351e,3060,10.05690732707821,0.003286571021920984
67a95045a5ba1d7918570c920f675bfbe4e92813,42,12.769243768978088,0.30402961354709734
c6ddda9667bdc7b176065bd868ab10d070262fd3,13318850,118181.35206958336,0.008873239962127613
0d4e591f680453ae00e47e8c3d2c6b05d7b54062,297,3.67775552546603,0.01238301523725936
2b164c377bf8b0fc245eb244a3ff96b0ea326304,504,0.6568123042379418,0.0013031990163451226
41cc5cd57bcb777a65b28cec9059ca5809f9c0ff,500,19.38258107663186,0.03876516215326371
155a801531e7e48e024da2882a03ed22f28fe59b,1534,1.056064517704146,6.884384078905776E-4
08882553071c18888813e5f553c7e9b2b9674eb6,20,1.5179156260649689,0.07589578130324845
cb0ad72cb19f1cc4fad8e66276e6cc887492fae2,35,6.5739928890038595,0.18782836825725313
b8468ebce35e3486cc2f23cae622d09d17df1514,16,1.318614158044114,0.08241338487775712
447a709ef784e170884e09129a31d081e7dd4c29,49,8.616732896419506,0.1758516917636634
ffb6c72d8045267a2db6d4daeae0b917347a9ccc,6100,13.021198607310982,0.0021346227225099972
dd2a9139377d2bc8c5842fd51add9a24636ee4d7,572,39.39441967281988,0.06887136306437042
ad465781ea4f593796bd21654d1ff4737ab12266,77,1.5700722108125178,0.02039054819237036
db24fee2e23854f5f508260a6961de0bb8fe1bbd,1410,108.11949379924185,0.0766804920561999
15f3fb0669fd18fc95db810be5c8c6245f5e9339,104,1.3833909203862322,0.013301835772944541
6ba791e6ba0a8780b2d332ab6e080041263472d7,3,0.6746361633374367,0.2248787211124789
02fa7e5ca2697a6b7cfd7442e61555b395f1b826,56,1.793415201869363,0.03202527146195291
74d4a2a82fa7431d0fb4242a964ee0d0de66ea23,231,14.34321473926819,0.06209183869813069
ec0e19ec52ac9fd44ca4bd0dfe904c9ebea73d02,570,5.5820604147298205,0.009793088446894423
39cce2e0719c7b06edeeb4419d36130c6aeb9329,1890,3.0516723121550573,0.0016146414350026758
8ba636fba1ed6912dbbb417bc0339cacfaf84e19,12,3.361482736182505,0.28012356134854205
555e73c16432fb5aaeeefa8c9f4758aaf8055ba0,909,2.740319403666355,0.003014652809313922
8c133042588285f22493f1abc54027b38383b081,5766,34.81310466771344,0.006037652561171252
83578be10ad19349510441cb05c3e1542a475d94,28,1.0000000000000002,0.03571428571428572
4de3c3e5ae9c3d77d02bc0ea3bd594fb01d5980c,2414,15.150970358683853,0.006276292609231091
fc63dadeb0b3c2984a99fec7f40c283730510cfc,225,28.939580462116883,0.12862035760940838
ee7ea7cd8a303a7456096ecde7b2daefbb3c893e,6,1.0,0.16666666666666666
4a0343f57255af896d579823bfc2428cda971805,2829,114.22142649698097,0.04037519494414315
541501cfb447c8278065775c7846b93b0fda16eb,340,0.30067033818959293,8.84324524087038E-4
a86079afe7e5f497479e3307baa2363d9e4d5434,8,3.0033617557388492,0.37542021946735615
2fa836aaed496cab10025e3dc9a22391a3f8e2df,29606,689.7868033817142,0.023298885475299406
a3e607e6eb40ea6a7412fe5c62d4005fbb4c4fc0,702,1.1103522972431372,0.001581698429121278
af5416f326da27fc547b01a3182eef2b80fd007b,4250,13.18184767319174,0.003101611217221586
3351db95830b65c5ab817ea7074f85314df8ba69,18,0.34411007979142527,0.019117226655079183
40ad7f9dc3b0d012991253c3d65f695c7de6c2d8,392,2.006047262482996,0.005117467506334173
2f2ab71c2e8189cc41d3ba37fd8bd5d328d54228,1144,78.95149622008556,0.06901354564692794
24418363867729329728af337a1f1dd7389d2307,3,0.41617759470237436,0.13872586490079145
b9ea493ac06ed22f513f1882a755b38271c73f81,2119,56.80225991199651,0.02680616324303752
84f276a230283235fbeb768991aefc815af3fb93,54,12.362345575180795,0.228932325466311
f5fde8f9a6d5331e97265188ad3c1390703b2dda,32,0.35429927606417294,0.011071852377005404
abb8df0a34cf026681802cc9c1db68e6b46d12e5,50,8.45600255670266,0.1691200511340532
7c49c8d2532a69339279c2c3bbc91246034e47e8,30,9.05157792324282,0.301719264108094
6ac76acdfe73b3fc10987da67c70c3b75c8cfad1,25,0.5752452380975861,0.023009809523903444
7e1753f291b00336c530a61fdc4b68c01b584dac,2556,19.948098354520873,0.007804420326494864
24ddf8fc3807bc3d6ec6d1ecf21f43888b593ee1,66,1.2438183956677697,0.018845733267693482
8726c8f6ce3915585969e80aad875b72e3164299,154,24.54917163265733,0.1594102054068658
ff813845743fb03cdb892e60e1894552395bea0f,1080,1.490220988422275,0.0013798342485391436
a6ab1d846f2468c4ac666107b5335dd7c997357b,247,41.535776702301625,0.16816103928057338
7db3d6cf3ce57daff5244198c9164f59d459fe0d,156,23.7170241123269,0.15203220584824936
2a3d6787c7d0dd598f3826850a21a557f5397b37,124,1.4167779418681212,0.01142562856345259
c5ee3aa33a8dc06b5237ecd71683027f4aa66f09,200,2.5725326780815614,0.012862663390407807
1726672cf4171e4ad79a8817be8fff6ee657b1a5,82,0.9520338602721765,0.01161016902770947
fdea9fd669f84ff9b2682115b703ac63b4518257,78,7.380587787909667,0.09462292035781623
6d708ed00ca7aa5f8239fe13ce3d1aba1e7ab94f,387,2.233688982081538,0.005771806155249453
83ff42fd7927b3a656182a2b98aa3397db5cae23,30,0.3021709597839096,0.01007236532613032
3cbd0c852fbc5027b9ecfc47d232ff4cfc8b3dc1,45,2.318069017217733,0.051512644827060736
ec3719d76c314c0f81a48cd318a9eea90689c15b,60,2.329012071957329,0.038816867865955486
0e6854024d4185312c0fdca791ef17bdcedba6f9,6063,161.09428871898925,0.026570062463959963
0b6d98352e9d20c697c20051c7c8987f5cbba3d5,130,0.6535065159819724,0.005026973199861326
394a6ee9f9f8fd75be070a5d545c7dea0cd6de39,99,0.8454734552034465,0.008540135911145925
e6de76bb816ffc08dc1f5c38dd81daa2c4b4535e,40,0.6969408494755105,0.017423521236887764
fe502e2d4a011e3f569c6e26b4ca0ce3cd187e17,48,0.4834659138033372,0.010072206537569526
21859650ffb401f3d9dfc02ee70c5a3896868362,252,2.3084923656019143,0.009160683990483786
539d297c9858005e1179d2863313e7e87338a872,304,37.04900300791452,0.12187172042077145
e3785590c1ec80d67508eba3a34a451168f7ca83,972,2.8134608092189732,0.002894507005369314
69710d3eaf9dd370c2d4ddecd95f67376f6d5e06,572,40.08494232185197,0.0700785704927482
fd3cdc326de50ca541b1d766484a4758034c391c,2626,14.851644063312033,0.005655614647110447
1cf5ba50dd83eef7a63bf7c530821ad31f7bfd0c,626,2.678580982032638,0.004278883357879614
fb27f7480b06118300865276ce51cb71b542bbc4,7,0.4043738052996466,0.05776768647137809
aab4536278d8f4c4b4b66270a997d1399ed79d57,304,31.326939615047923,0.10304914347055238
b66ecca5d7dbc8ac42546b3b9b63d746a171a396,696,5.857296736650596,0.008415656230819822
03d8b4156bc2f7acc9aded8badf51448acfd6e60,82,1.7296626349690993,0.021093446767915844
152183d48b74fcb373eb0d1d2f0d3e3650e07f3e,30,7.2075484816480735,0.24025161605493578
c2fba8a6d4ce3f9d02750a68f8047597e0622f8a,2145,86.69869887020359,0.04041897383226274
acd8e56cc61bf342c7cf6a302cc9c343359c7769,1251,4.192607392735622,0.003351404790356213
aa9a3e51e2d9e266a93b5ba1d0ad4c19ad7b5cfd,60,2.2575355890286737,0.03762559315047789
67d4b78620c024ece82718d31c55fc9d4fabe373,160,21.153842521310047,0.1322115157581878
3a3f00e638540fb3ce923244dc2d514d7f862973,551,8.122090613451265,0.014740636322053113
c196129f803defd431005b90124364d87d71412d,800,1.299040361349042,0.0016238004516863024
46589024f5fffd139734c31783bb6c8e4cf7e271,126,1.6692020964588041,0.013247635686180986
b6bb0e3364bbf046321ba83957a20551afa45955,4365,14.481547216890108,0.003317651137890059
401ec28bbf9f6ecff3730c2e95929f6b6a746859,15,3.256547749024649,0.21710318326830993
8305355b32fdef6458a3843adb4a7d42e385c2e1,484,55.15774343315971,0.11396227982057791
d3feb9374069e6d930a38e5acf07018ff8ac7010,56,2.5530553154072484,0.04559027348941515
98b3263363a0dd9b1fd290040346b0466fe3f185,62,0.3033733684997007,0.0048931188467693666
7fba5df0ec780717e2ee2b83d9ed367792a2de84,638,56.019508411960956,0.08780487211906106
71cbd7340033e69e9d8f947fd28f11a1c8fb6cd7,225,0.30239788494970415,0.0013439905997764629
6fb54fec23d8264903feab6ec74a111745b18a01,528,35.034049786403,0.06635236701970265
ed3dbe7485e040a5dfec9244e3868b9ba2c76033,700,3.56528202224738,0.005093260031781971
6da6f2281fba58d62d29a81334895f8ee09f9792,1200,5.504291263591738,0.004586909386326448
c8a573266ff828a36e9d2cac17093156d288205a,40,6.679582348237555,0.16698955870593887
eff085fe9b68f168e8c3276701ada135388b1c03,868,65.7449718528527,0.07574305513001463
1444173e6e35a2a34c28706901b306697877f23c,67,1.9613143334469494,0.02927334826040223
4bb3dc157ab7e907dd5baa97eb1fa80ea471cb53,3,1.0,0.3333333333333333
3b7c0bb72e48a7c0c8b5afe9db5de4870a303f48,378,5.135466285755105,0.013585889644854776
269eed4d8e05c2509dadfd6f89b20bc9ee1e40f7,42,0.7702119239257025,0.018338379141088153
dace336b0da0687875d09aa2fc40e258490ae931,464,7.065875050819168,0.015228178988834414
9448638f5f9018ac7a006a2354578a4e607dba43,6003,45.2488024689021,0.007537698229035832
6a4a229cbecf8ed94fdde6f5efb0c3be6a13ce10,35,6.545898452202512,0.18702567006292892
d7b39faf74407f7b568192db893f5988adca2619,14184,25.403478751245093,0.0017909953998339744
12795f6d304b209705bf2457a975934e8853d6da,40,0.5210780827406845,0.013026952068517112
91d6e9f0160e30d93aea326948db5ac024739e2f,294,15.90798731746545,0.05410880039954235
66fedd82dd7c8f707d81a489526dfe981001b2eb,49,3.189339556963228,0.06508856238700465
3a16fe92d05465c1dd4861d430a9969b6477953e,5,0.6467588658482374,0.12935177316964747
99ca885c12946065b518f8232a636aa606f9c004,528,46.59597484038275,0.08824995234920975
386ed2263f2204710cf5cd54f4a31b7f1aaed3ff,4,2.0,0.5
a5324f4086176f54dccf5df1864bcd1b458a851d,182,1.2365104933898134,0.00679401369994403
94c5f6e420bf362035f082816ed535525ad07f7e,182,21.5116623318724,0.11819594687841979
5114751c5de91c802d69a5171f2f7d9c5676931c,14042,704.5758768642299,0.05017631938927716
3ad911c5ee9340ffae833f339911cf295b9f4d11,70,6.185503140836389,0.08836433058337699
ac47967a169047dad747bb7fc53addb41823a3b8,99,0.36914540412145436,0.003728741455772266
d56068c661fb474f8a7b8ba589d036b8a7fab5f8,35,6.366723144130058,0.18190637554657307
5ee276d9bc0a37af712ff639a6ccdf1a87f53c3c,6,0.363263632245119,0.06054393870751983
5ab2c95795a8d49725b31f0600baa30812d9b62b,40,0.3588024953171028,0.008970062382927569
3478c389e1a9dcc210f7d821eabe8e05909b8808,72,19.578463011751488,0.27192309738543735
3ec3309faa307b2dcf03ea7510d43a0a6fcc9af1,27,3.656943379305244,0.1354423473816757
92e93b5bb70fb3d004988749f4ebba18bfa52a2f,156,1.4454350870099977,0.00926560953211537
91edb244f2cb4bf1aa2c792d629753f060ac5a9e,1791,25.89370187636682,0.014457678322929548
7fe5515c0368c3c6a8ae07f88df53049b670c368,24,0.955629142477596,0.0398178809365665
2aff049506a20e7d2c576bb6736c4c3937f0c04e,270,3.3542334756667334,0.012423086946913827
5297f02c5fe9472e835542efc2f870fee1cc5459,60,2.710869479795595,0.04518115799659325
e454397f20fd0ea0bdcb7d7682f34daaa0094721,180,5.912975234345676,0.03284986241303153
f795a3a22dddcbb02a475e385008a255f451e8fa,110,19.47853864762754,0.17707762406934127
868ce83ec5bc5c1c90347701bc81eeaa433d729c,16,1.318614158044114,0.08241338487775712
b6e9699eef5444c02d6e86a01308245b793ce85c,3360,6.665815947151167,0.00198387379379499
2f1006f35bb711c5e20ed9bdd8705dbc026fe304,301,2.2967531362910636,0.007630409090667986
29fb582d5b60139be0b5b1db225bd7026ab4511c,2556,18.24507875489093,0.007138137228048094
31246e2cd3356b224e5a5404ec0476f97241235b,1155,7.5238513158685745,0.006514156983435995
0208ef7f7ab91baedbae5425068bc6c394e0d3ff,240,21.25692476593856,0.08857051985807733
aa22321b65e60c7fc3bbb7846e9e9d1cb4945952,15,0.36605667701984923,0.02440377846798995
632d15d660a1666e78f46cbb7d8e3d739ed04f97,1554,81.30050390342842,0.052316926578782764
b46c327160606861c416b46ed13f4e4deab443b7,221,24.92771805093938,0.11279510430289312
3c676a7d70eed39d05df0bc15afeccb937ce8d1a,63,14.90215270381507,0.236542106409763
7a2f364af32f0fac5a82c159358c71f704bd8aee,180,3.1396038110803564,0.01744224339489087
57adb194fca18869c7c42d9f8df0a2208b371dcd,4150,2.897311777843923,6.981474163479332E-4
aaf1f28417b5c95115341e60017be2c74a9c3759,878,2.8124217781489103,0.003203213870329055
4525cc8b7095c395e1e4d936c59033aeed1f0940,1675,0.9591426966708654,5.726225054751435E-4
7993e58d496de890172ff8312809712dd5b11a24,420,37.80464091451287,0.09001104979645923
a2ba044679ff0ef81980d69b20acc6546335e610,12,3.0,0.25
6622f99b8d2254043e4e741752c6a889b076332b,4,1.0,0.25
51824ed10c4b367d8923de51ef7b55d7a8274ae5,17420,3571.6710506636855,0.20503278132397734
aecd9aeed7f0d636d4581fe4ec933cd5e08778e8,112,0.3352705544274947,0.0029934870931026315
3d91aedd0a72436bd19991079629656729726b90,26,1.7331581951104436,0.06665993058117091
fe93ff25bcb93e633e56979e92821893a109ead5,65,0.32361446739570887,0.004978684113780136
0c72d2eb31e370bfed70df58c81d6aecc7166a06,15,4.680300153128312,0.31202001020855413
b70894333c6d173258a070242935f7babfc2f7a8,713,160.28856789832267,0.22480865062878355
87a798ae9528dee4e9bc7abda711df546c3b0ca9,306152,3011.4784287124703,0.009836546645824526
79d5f8b41e8c34be64c5b72bc6601215f129d0f1,713,160.28856789832267,0.22480865062878355
900d28e829d553280c58d4abc8d9df23c892e18b,22,0.9680629048487215,0.04400285931130552
a429d58729acd16eea7ae05ee3ca073d2a38276f,10,0.511309307266652,0.051130930726665205
2da1c9d3425bc4ac1d8544bf09b6992eec7af8bb,24,0.8099766713417529,0.03374902797257304
7b9f3d6fdd35e7d505f3170f62191cb73aec567e,115,3.015657146778535,0.026223105624161174
2571d6e48bf756241d21c8de499c88620ac4131a,360,4.901233543690258,0.013614537621361826
be4b504db39e9ec36b98a468f4b1a6633e440b44,14042,697.7689877821091,0.0496915672825886
ef999c6b4d223ab426a0d51869965211dc803b0a,651,1.851361105881003,0.002843872666483876
31ca63210433c66d1d941bf0b5cf9c9895f15038,16,0.8838848324577282,0.05524280202860801
8efca053d65f3521a6d40524f9dee6d49d8477da,195,22.475246470244574,0.11525767420638243
e6859dd7262b2e0dd9af47e22cbc41905464b012,24,5.048446222134025,0.21035192592225105
1fbb1a89e4f3633c2c1d5a59ee21b9318d7324fc,72,1.4659460506237072,0.020360361814218155
4f34d493c158d171927d9aaa5bb92584c385594a,154,20.961077679636244,0.13611089402361198
c918a306fc4dd3f403c047abe8321e645e440de7,805,6.93585237523753,0.008615965683524882
19ffdb4ab8ee281655ef9e597061e9af8a1006e9,35989,49.88127470290364,0.0013860144683904426
3cd645e4c550865f625834f1fe3e9e70a5a4e42c,608,5.388924733657432,0.008863363048778671
ce1e8cc25ff991129033ceb90f23cb0e22298ded,20,1.837849894645042,0.0918924947322521
b73a9b3c56d9c0068fdd563c13b0b0eb61377426,528,46.7677686179454,0.08857531935216932
5957a162234d2b4a6c0736587ed305c5f7bf0e8d,45,1.5662329264465995,0.03480517614325777
cad7e4320a214998300818864a08c48d999bad5f,462,52.91328750441105,0.11453092533422306
aff85c3030332744a51fa65d5612830b9a8684ae,1001,27.94780908728066,0.027919889198082578
f7d11a9d1c79fe8a7b40d50bce00b2943313c03f,156,23.663299844426437,0.15168781951555407
be4d73d7c38d9d49eec21199598c7897d2359563,1863,1.6574554252575306,8.896701155434948E-4
f0eba13df8159ef20ee5daf5962cd16281d029d8,28,1.0000000000000002,0.03571428571428572
e60b8b0a423ac354c0432fcd59d4ab8837644c53,624,31.348179373591307,0.05023746694485787
212ec883a4f08e75a78bf3d76b135dc1b3f59b0f,324,35.403604561374344,0.10927038444868625
ec3bdaccffced7f5e14ed35d5c59340c2bd34f7c,513,3.1702136876540137,0.0061797537771033405
c1ee9ec8708f71cc3b0744542dd79bd673c92e9a,7,0.9999999999999998,0.14285714285714282
3888a423064bebc5bbd5d973dc3ad0087c66b427,452,1.941886436591096,0.004296208930511274
03b3eb7e947a8cea70421fcc64c5abe2728865f5,14,1.0000000000000002,0.07142857142857144
cb8ea6e4a88cd2ee57ae69f13d2eded444c92f16,3888,11.449176745896086,0.002944747105425948
3403ba1c5d9fc562f5c38cc02388e7934bd967c1,102,0.31095056361054874,0.003048534937358321
18f840a29f637c5e14903dbe3c7ba8ea5438f9d6,2735,3.1483602561680697,0.0011511372051802814
f6b040d6d6a0c13655e085114d6a84d27833564d,864,62.548857243471836,0.07239451069846277
f7b23272d61fafad4ce634fead41862c235cfde9,195,21.65596354599233,0.11105622331278117
2254bcfeb5920a1ea08986c5aaae1b82e2fd40a7,240,43.01200012733557,0.17921666719723153
2680ce36dceb49d439f62f73f09ce8ce06cc9518,583,0.6688284165595804,0.001147218553275438
8114a0282d47d7862a49768134847cdbc99724f6,200,7.256853849365568,0.03628426924682784
ea6750dade5d3d5ffbf4138643bbf4a55f03eed9,24,2.587415420306989,0.10780897584612453
8137e89f986c441089ad0974032e9622507592d5,51,0.3754433620390193,0.007361634549784692
045049f156c2d69f1a4c5b4df8f375739fa46382,196,28.25432916623945,0.14415474064407882
06d0d4725ee1a79d7a826758073d06bd8db57498,376,6.937021122365422,0.018449524261610166
