6decf7ee9e58f301d60daa2ca55ef82dc53b078b,99264,1.0000000000000002,1.0074145712443587E-5
17b99e3c5261c74afa2c5c21310dba2f1d430b88,4970,3.0,6.036217303822937E-4
0c8437c04ed68f1af4dc7b6acd918d7a329a8276,3182,1.0,3.1426775612822125E-4
8ac3fc0f64b077485b057ec535eb51e14f326fec,513,7.0,0.01364522417153996
7a2eccc2ac457b9d04a98aedbb80b5404eb32b55,641480,263.0,4.0998939951362475E-4
b5f2a3fe74d0b077cd08c9093c7a3374a0c4941b,66,6.0,0.09090909090909091
ec445b2ff2ba2abe7a2beb604ab76b9b8e475a2f,62784,1.0000000000000002,1.5927624872579006E-5
4fd8f64b5b5f5e90136aa440664d5e3487519c1f,1460,1.0,6.849315068493151E-4
bbc9e8425d4b9f00d53d7844102bf7157f967d6d,11341,1.0000000000000002,8.817564588660614E-5
f85aa67a894de9f17614b315e0bec265d1373921,14446,2.0,1.3844662882458813E-4
a473860b5aea1b80ac6955769ffdd31a75de7b24,22644,2.0000000000000004,8.832361773538246E-5
84c13e9a9c895aecdd3ce68d801ef8d57aac141b,22770,37.0,0.0016249451032059727
b0644899ffbaa3f6e6b21686602bf771a4ae69c8,700,1.0,0.0014285714285714286
bba1e67f65ce8659e4d995f22079a8378011fcc2,40158,1.0,2.490163852781513E-5
6cfbc89d0802cd48add9e7af1dafcd5aee84e84e,951,1.0,0.0010515247108307045
33b26390342dc23fb81baf73a2df3345df5cd1a7,2783,7.0,0.0025152712899748474
774c15fd6b858202f9171e228ea9ac0347d73f1b,17766,19.0,0.0010694585162670269
eb7ddb0f626aac5a9bc5ff3b94bf0d963d13c6a4,43542,1.0,2.2966331358228836E-5
686350c14a06e3e5ac78dec31d5aeef65e62036c,11480,1.0,8.710801393728223E-5
4123d1aa3762da5351fd0ad61efcf91658a31bd0,33616,1.0,2.974773917182294E-5
30e67566cfa22eb28374f60e4ff40ca8c93be5ca,210,8.0,0.0380952380952381
243050d80d9ddce76e1183a2ddacd1b0303447f0,24990,1.0,4.001600640256102E-5
847a14f92ebcaa975131a57c49d32b35ee935da8,1360,1.0000000000000002,7.35294117647059E-4
09fcd641628f86fc6be697951838f7e376c809da,1040,1.0,9.615384615384616E-4
f252788d4e59e6350c6b8f0d50a5dd590e83a23e,18486,2.0,1.0818998160770312E-4
440d5eb696e5dae2e73ee8c6f98ed3fe707fc624,536,1.0000000000000002,0.0018656716417910452
c946ad982ecf4d67a6b82bf939c99195d4606885,3320,1.0000000000000002,3.012048192771085E-4
301a25a21e9e0fd4b8508624ee87840cc7564ca4,35020,2.0,5.711022272986865E-5
2357971de321333c078bd29fdf17bbda4cf0ebf8,66,2.0,0.030303030303030304
084b005bc0b46f532a676f97fc5ac43e83786a49,482,1.0,0.002074688796680498
19d4e342eade9082ee6e456d3bd77529da76ed8d,128592,12.0,9.33184023889511E-5
ee270d31dc75854644d9e299a2acf3d0069833e5,12701,2.0,1.574679159121329E-4
e7ac5f57e34e5e08d4264d80157e457817be1a39,25,4.0,0.16
2fbd8dd34c1ffd844d90c9f35f4e41c6e3e1b6af,1296,24.0,0.018518518518518517
aa717fa06ff754eefb47a71143aeeed3d11d2e05,55168,3.0,5.437935034802784E-5
ed806e73848b05eaf143b11720091fb28d5aa9e0,1222,7.0,0.0057283142389525366
7c2779004be510db4226f95874368291332adb3f,70686,1.0000000000000002,1.4147072970602385E-5
5884f004b8b817b0156147def4bc64722cf686b4,2,1.0,0.5
66319bc3b69c53e632d333a6fe695bd9ac038973,15228,1.0,6.566850538481745E-5
f092d02437af4c5fdce312c8f0b738d23d668d76,116319,1.0,8.597047773794478E-6
c2ee8813d3c085465ccd321ef25b7071bf52cd39,420,1.0,0.002380952380952381
611ba4ea186bd2283c9877d4ae91577eaa9eaa09,6764,24.0,0.0035481963335304554
cda3abb06000c0786bed1437a2ccf47d4f3ec19c,4320,41.0,0.00949074074074074
0ca4fc6ea0d8be97564c95717504fc842359e8d2,3102,1.0,3.223726627981947E-4
376c9f5bb5f533c2e2ca7b811aff2a3fa2134484,134745,3.0,2.2264276967605476E-5
58eebcd1d902e66ef223ecb9661362c50b96b5c7,103429,99.0,9.571783542333388E-4
8101970f51f3644374077bd061f9b46bbc6d340c,2286,6.0,0.0026246719160104987
1941ea5e9a1d939358126bbc22a52bfb99f61455,148840,2.0,1.3437248051599033E-5
70dffb6d672d478a808672b609f28df038146d16,96,1.0000000000000002,0.01041666666666667
efe660d79c548454ea3e83a6c50c8f8bc0a53f69,131989,2.0,1.5152777883005402E-5
3eaeb6a4f63064489a10dbfbe420aaaa1d882e08,456,3.0,0.006578947368421052
641587cfde40d0fd9795a870be16e2775205f569,1599,1.0,6.253908692933083E-4
440fce06f4cee9903e00ec1b1850e4f3be0e17db,69377,9.0,1.297259898813728E-4
8e8644d0a5ec5f6be2756f7176979c643e89652d,6215033,1802.0,2.8994214511813535E-4
4f0aa15aa01ca610256e40b5ccb3c3bc54898054,2838,23.0,0.00810429880197322
c3a601e780561b74be22f30deaccc03de71193bb,771120,478.0,6.198775806618943E-4
ca4fdb1178951b1c39bc935bafdb54d95cfe7c18,3690,2.0,5.420054200542005E-4
c021ab312d03ea0d216aef01b25481a9c07d2b24,49,6.0,0.12244897959183673
dfda2e0aecb650db109d7a989fa0f98c952e455c,1449,2.0,0.0013802622498274672
dd41461baabc6500c4d8482e9a9ba5ab5d82557b,32198,5.0,1.552891483943102E-4
12f8e37e3bf42cbed9d3dde080a42fcf445afa95,204,3.0,0.014705882352941176
496bf2df6fd3d94a2ef1931a1f6f6916392ad9b4,1440,1.0000000000000002,6.944444444444446E-4
1e6f8f342d2fa1cdcc92efbfb552c66e60c78a06,405824,7.0,1.7248856647216526E-5
7b5d0adaae500cd4dccac71e61687f86f6965203,280,3.0,0.010714285714285714
2708e15ceda114351b1323b703fbb192687b7f2f,21,3.0,0.14285714285714285
172893978a7a949940d94986033bc21eea37d33b,280028,3.0,1.071321439284643E-5
be42fbe8b5307eda905bdec4ebdd188dfa06e20e,95700,92.0,9.61337513061651E-4
20a7880882d2c5324961fc279b385d1925b939ac,19856,1.0000000000000002,5.0362610797743767E-5
b7df03f69e37e515d57dc0f39db823cec517cd01,5112,9.0,0.0017605633802816902
e8194b0d350dc9344c7ac07d4ee218a3dedf4364,553,6.0,0.0108499095840868
33d900ed13be9691759a932b23f94386bbda52fc,72680,125.0,0.0017198679141441936
d1fe43336a0db064657a0881b26079da3f7cff97,30,2.0,0.06666666666666667
044054c3c99f5e55346fdb2c0f56c375693e66a1,676,25.0,0.03698224852071006
e7a17b77221a71d1570305e224038f4423243eb1,48,1.0,0.020833333333333332
e615d2d390083e0512b40b1744ded81c9d362bba,37960,1.0,2.6343519494204427E-5
3cb9ad34160d4734a6c6e07a6b227039e4b50a7d,927,1.0,0.0010787486515641855
5200135b83b6faed16b6176709f84058d19db8ce,61523,51.0,8.289582757667864E-4
f4a4851a03fa1f58e5a15bf21c4d6cc45fea4ca9,13545,1.0,7.382798080472499E-5
7922332797406d982a19288f22ea55fcf746f8e5,25948,3.0,1.1561584707877293E-4
61e59715943361df8b1a9acfd78ce58144608b61,73960,2.0,2.7041644131963223E-5
97b09ab7a2abe0ddbcc3d23626a132f5372c9b14,34608,8.0,2.311604253351826E-4
d37edba22f6780f2b6735708acdb614f8f525ce8,2244,1.0,4.45632798573975E-4
5b80a52784a0a26adbd0fdb3fb865d526a90c876,236925,247.0,0.0010425240054869685
5bf545c06a1ae05c449bceec6e10ad33c740376c,5088,5.0,9.827044025157233E-4
5759493d6ecbff6b9cb705f4a02172af122f3fb3,49020,3.0,6.119951040391677E-5
fb13f948900ef073b82ad0f53c579ea919d1bc2d,33528,1.0000000000000002,2.9825817227392037E-5
7cd63e29812bfa0da051d26aacfffd774aff83e2,1054,1.0,9.487666034155598E-4
2497c7cc82fdcd4d530221c5783e25f11930b3c2,1154048,546.0,4.7311723602484475E-4
54ae3f4f0ad6e19cb17df5c927e5fd760ccea91d,64,1.0000000000000002,0.015625000000000003
c44f3da704f72ffdc0b66f1c520d52f394e2066e,336,1.0,0.002976190476190476
d738c4b6e0267f4f2bcd721f041e56e5ee488744,118680,1.0,8.426019548365353E-6
0ddb44cbe64ba1b5f75e68aa92ee456530ad3213,49770,67.0,0.0013461924854329917
