00366ffaeb6fae2033bb7e93318b94842a6d94b9,270,34.72033949418225,0.12859384997845277
e4733c9ca6b02af8ef8a92e006ec851187ea30a6,2844,0.9917023388374117,3.4869983784719115E-4
f13fc91360321e35335f34d9ad426f5bb3818557,132,1.4314632665977456,0.010844418686346557
0e13740969bf4ee4ff35e0fd0a90c6119e524fd3,208,1.3624205428741427,0.006550098763817994
754cf0f25a2c3d11c589ebeac55898cccd2d1627,800,4.683373482244463,0.0058542168528055785
45b12f104472be0b9087e8e2e776b6cc1bf5efe7,110,19.47853864762754,0.17707762406934127
9032f7f5c52b20945bf6cf6bf6b547d8ba30289c,2413,7.281958834845283,0.0030178030811625705
922f53e31873ed3651288d1fb93eaebae9716041,49,8.878087231600034,0.18118545370612316
87ddb21d6b24a8ceeb72db8cbd7bccf8bb349b43,2,1.0,0.5
ae0984b6b117a9dd16fa7299d876a5829927dd76,1140,1.4807099338774816,0.0012988683630504225
cd7693fdceb12ba1bf4ec913e4ada1b90858e527,5916,4.646541311638386,7.854194238739666E-4
a6efc3776b6d9b218e90c1d39a8d806f7609b2cc,2025,78.09767506205583,0.0385667531170646
d8e593595731b94bf0764f276cce9dd11ef717bb,300,26.668616090919024,0.08889538696973008
f4f21106cbf8338b6946e6f3d86ff3aaf4015970,40,5.244500198985797,0.13111250497464494
53adf8702d5bdbaca56238feac2cf904db94e7b4,896,53.09691055001006,0.05925994481027908
3ebedb4a6283c4ba714a7059ea8b4b3ae57687a2,6,2.0,0.3333333333333333
9c69b1a1c7a5711c9bb53bc7d74ac5df060510fd,176,21.23242600971828,0.1206387841461266
975a312138c3490dc9db4e5c260784845e2904e9,196,26.99122840520203,0.1377103490061328
0da4c693d3e1aa3d5506089887ee013964cce0bf,1629,0.42265317661913737,2.594556025900168E-4
de9607e69f6d85090afc6c92da4e1e29800bb80d,994,0.9396457024658134,9.453176081145004E-4
a0599e53efbe289f70783abb4377e93cf9268fcb,21,1.0,0.047619047619047616
a7ed24b3e90d3a894ecd033cb9878e72d2c6f187,135,14.948316353089814,0.11072826928214677
a4746d6e2389dd40feeb651e8ba51abd63c1f357,24,4.838131199161208,0.20158879996505033
6cf4b3ab8be48486ff3d779cd5ed46d0a7c32225,144,3.259809776880081,0.02263756789500056
baec2be64238dd8f4a9be43d3447a7b84fa88737,51,0.43563439444030705,0.00854185087137857
26557074565cfbb6b6d561cd9b8631c08341198f,54,1.9086563227760878,0.03534548745881644
5743f8bc969dfce0c1a0e3e346c8daa3c623c336,238,39.28216656828341,0.16505112003480424
2fb9a662aa3188d0e967a03f17c0cbfb084537e7,2145,9.14804125049514,0.00426482109580193
f500cc0eee0fe6d4fc5b22a8d391a7e2f8d751bd,1225,10.441435738900514,0.00852362101134736
230b78d33714b23824ebe074b5fab5f0f2014751,38,5.175762940015795,0.1362042878951525
4521f03e15e880688a96a11c901577c262f4a09d,1444,86.71103145203702,0.06004919075625832
009e307dba63236b2a7a952e8a27bb8c32ec1b64,700,6.342791401461389,0.00906113057351627
e90422fea1fd085282b34dfebdd938d7eb1fc429,3,1.0,0.3333333333333333
a4bba782e9ef1633d0e1fc5fe13968b81d0acc2e,40,5.8279179695274514,0.1456979492381863
717726baddf7216c833065dd60867d5a8312447a,28896,28.992269395695462,0.001003331582076947
e51804b77fc58de1182222c06d931f14ccf48d6c,2142,4.262009224665366,0.001989733531589807
df7517007d5d922ea38e318f38e31ad147539034,1771,56.57737369061087,0.031946568995263054
acf0bbbc987bf843c6d6747725678fda922d7b15,1452,3.8174049146200013,0.0026290667456060615
734704676d5bd121992fc47c9cee83aa8f9c8fcd,924,0.9894579814354761,0.0010708419712505152
166a486bc8805f341f8b9d27889697ecdd9d85fc,506,2.7713853159823567,0.005477046079016515
70c0bb2c3ce0f96e7e019e5f7f32630ebfbb7834,63,12.519831085600005,0.19872747754920644
fe9eaef2a3cd41182aa2e78470d7ed846e73f823,60,13.060775552503374,0.2176795925417229
07860f72b6afd0112edd3bb02505a2cfc241c005,384,1.3776197661726297,0.0035875514744078897
bae9ffccf678420e15875b650e37db0568c12139,165,2.3538066911983067,0.014265495098171556
b565cea83514099d89d659e9fb85ee4bfce9e0b5,78,7.380587787909667,0.09462292035781623
b2f6fe8e01a3d9861b824d3a0d39e17c667a7b7e,300,26.668616090919024,0.08889538696973008
d0a0aaf073c28dc26a33e73b360267ef17c219c3,22230,40.59251757747776,0.0018260241825226163
ab6e34965a6bd8b92cd1b29e8327d28ba56f7d46,105,0.8116575388333931,0.007730071798413268
961282db9d3a4f8196d79094f9b56b52bf944cff,208,4.933105139185664,0.02371685163070031
74b1e3264c5d76793a98b639379167c648083c30,154,20.57297112809726,0.13359072161102117
41eb015f4c8fce72ebd824c7b5a8b9c1c0abae98,300,10.352485707810812,0.03450828569270271
ae2cdb6069664810c7bfc049d250f4ad391164ec,135,15.386004470603064,0.11397040348594863
4985b097de34584b2622911336e9191508225321,9,1.0,0.1111111111111111
854e5dd849bd7687a1afc29fd1c15057d3064649,774,6.549868059213178,0.008462361833608758
cd00e89d5e5fa0207b29b3585b6706cbf7b1eb14,30,6.849598654204755,0.2283199551401585
c17fb14e3d59cbf780ee6ae32488de233f3fae1d,1025,4.980701119457217,0.004859220604348504
e7da721ffe832240e27d680c97acb0a23ff774f7,171,13.287971749329555,0.0777074371305822
d0fe2f203cd631657dbc47c8681122b63e373fe4,600,41.471400397484494,0.06911900066247416
8abfc181f96c0dd598ef886217830e93e0b713a4,9,1.0,0.1111111111111111
85ca61fc0ae4246239bce69748423629d5210f4d,28,4.522450305690835,0.16151608234610126
b6844d9752f1dafe60b1eacd437d9298d0d5c3e5,450,1.3106350479906554,0.002912522328868123
aa15a0b3c0d6cea4ace49f859f8fbb051270bccc,121,21.627671974580004,0.1787410906990083
94e466466d0365e943215bd15acb4ea376dd68ee,2145,83.7027787060767,0.03902227445504741
1806ab31107a6f860f501dce7ab76ea5b307ebc0,462,50.92148987282875,0.11021967504941288
ea8a417efcb4076da1e65db1109c9c0d9a6664cc,27,3.8451988722544708,0.14241477304646188
e2ab04896a35b05f51a21cc7151114dc08b68faa,35,7.539312078295029,0.2154089165227151
b6223409788a11ceb42a4419e9f58ab29d80aa77,638,49.10673016159926,0.07696979649153489
1ed56e6bcf72c6e056ed6d2be5d5f0e2270f74bb,528,33.10905015046566,0.06270653437588193
94635605a0ab55f1ba42ccc96c0e4200d59b2e22,12,3.361482736182505,0.28012356134854205
74b3659784b31b055fa87e43b2561181a9b4a923,420,36.826626354659105,0.0876824437015693
6df0ca991c977ce901f2df0ae9a4438c32ac15c0,38,2.0,0.05263157894736842
e7dd64c11d0ed9dd859f0d75fc9589935891cda1,176,1.979712290734252,0.011248365288262795
01bf670587df8a3e20017c783d987c49358952f4,43,2.233080594853244,0.05193210685705219
ceae8d41fb29163b66fbb19a06460b3af7bd9aa4,6,1.0000000000000002,0.1666666666666667
6c6fb15edfa2ea8572cb897b2cdb702e33f0e163,1830,93.42067112918772,0.0510495470651299
5945a2af2581a33cb2ebbdcde37c2843644c411d,176,21.23242600971828,0.1206387841461266
80bf7f3d4c1ab241bc5f964597342affbe51cd4c,812,0.4269828275023872,5.258409205694424E-4
2d8ded4f0c4b134354b82b0831d4309b55a1c97f,805,1.6403189039896064,0.0020376632347696975
d37a273f3618baaf9c1cd555aad73625b7a8526c,8,1.0,0.125
6db537d855494b1a39efeaa2a7cf3019efadb732,304,24.961584519900573,0.08211047539440978
e9c064413a4c03ac16c4c052eafab8f9ace35142,208,23.049554992922168,0.11081516823520274
351a0c9f70d8422c6a495a359c95acdad0273a1a,68,1.2500967472388613,0.018383775694689138
ac2e74da98e942180fdb04f17ce1c9dc7ca63866,480,6.1490529581658855,0.012810526996178928
1a6ad677d2da86080e2ff0e0def4e700f5e3498d,62,0.4320874028252738,0.006969151658472158
0979d5d12b62389d6e74af49e208dc793375432b,952,48.40140821893,0.05084181535601891
68bc588fbedee8e8d3f1a8cf0850e86749405b45,135,18.47519456251623,0.13685329305567578
bbda9d7771c73906b34826dfff45666efe726459,480,15.934724790743081,0.03319734331404808
86e96ad69f49c7fcac310af9944d23cd2946aba3,144,13.996008081703645,0.09719450056738642
2950c41b872bf0839e4ebd76e3ace557a546f878,30,7.594423043068886,0.2531474347689629
ce9acc315e8dcf03a74f1f4c3b31c356c7c03606,72,9.748940214676933,0.1354019474260685
71b16c3ed7a41287517739d9bb74e597a4a0adf3,2119,37.75479315498415,0.0178172690679491
e7e6578c29f4192707b16c931b60532a6cbbc4b9,110,0.5056573098429719,0.004596884634936108
cbabd20f7c858be60c81592bd614314cf2588ba5,40,0.5895859782810607,0.014739649457026518
2a70a8b7265c278277572e744f52b7bb05b7401a,700,0.45381048942666413,6.483006991809488E-4
a33aaad60afaff99dfe34298e0828642693abf4d,6,1.0000000000000002,0.1666666666666667
36636c094669234ea499d516aef40e9062e2eac3,7,1.4829489576663597,0.21184985109519425
2c48d6630200c428abf45c87f17006a5cf3e0756,54,12.362345575180795,0.228932325466311
441bcd13f58a20a6dde1ebd710aa8e5f04cc19aa,231,13.154714507729652,0.05694681605077771
4cb2d5d4d6186d3e97e0e14d1ea25581a9ef83f0,240,15.444174284042598,0.06435072618351083
a5a3a2865d62aea751d4f5ec44fbbf9a44cac5ea,30,5.877989995494364,0.19593299984981213
07ef6df2e3bc624109969e565141a2368128209a,1886,55.01955189308309,0.029172615001634723
efc14764808ec8dc49866d92f6367cd016d66403,312,2.0,0.00641025641025641
8ed06bf96bcb16cec7c84ad3be0a37ab0cc75203,140,0.4377739975776239,0.0031269571255544567
08f0d3b4615c81eb16ea01d8f4c712dacf93caee,186,0.8625522889599002,0.004637377897633872
4580108a0214a0caf37d6901d16630acebec46f9,324,39.98229453921444,0.12340214363955075
ca42a6a921164e74090211af53c96d29e949a5e3,7,0.955728617309069,0.13653265961558128
2c97e4b3001d223db2e8fec2b9d1f0e56c8461d0,143,15.159072339686661,0.1060074988789277
d821cc5a029048413d58ea9be6887f8ed6712f14,2420,158.47850138899582,0.0654869840450396
b882f4005741b1fc248151ff5234e82d4f1b4daf,60,14.184962863310723,0.23641604772184538
bbbf47aff47d0a65154f599108e797fd6e17cc9d,40,5.244500198985797,0.13111250497464494
478c3c306143491501b485dd641280dd410c1716,264,2.107789468634708,0.007984051017555711
66cb1a2e836d9a480fad36e733d4f68b41eee7fa,33,3.4220702808122136,0.10369909941855193
b904c3ad03183a2f9ce543c5e4fbe6ec4ea2997a,200,5.883254143874664,0.02941627071937332
fa714a0be28828a6f2bb25c27c2bc2b183fbd1eb,546,35.94068085838352,0.06582542281755224
b6256e230ff0a9613aa99b106270d98dd4593bdd,143,22.645722169642056,0.1583616934940004
7322da961ba933bc35e14f2c959f728572988e0f,924,7.4575758759634585,0.008070969562731015
f4a06dec969ab441b7bf5dac8bc659e1c8a7a3b4,1554,75.28137377831962,0.04844361246996114
c8b8fd6b4d11f0a32f3fd5e40d8626f1257a3d2f,8,3.0033617557388492,0.37542021946735615
50ff42ab6817cc867173d3cfb8bbadaad7f43349,1830,93.94847537087743,0.05133796468353958
c9614a5d2dd30f32dce5a74b37fad0d09b50db60,2,1.0000000000000002,0.5000000000000001
832ec66b76a50fab265b4884f3391d618ed2b269,123,0.7866824963254053,0.006395792653052076
b368d6f5c1f64aac78476aa9fbb8780d1b1c74cf,2880,15.118743500547309,0.005249563715467816
7acf13220b5898484ae3ab7c414dc6330cf4c9b3,527,30.775028225193143,0.05839663799846896
2f5179969791dcd10c24f3d9d1c2fb24966e058b,7,1.0919021299763916,0.15598601856805594
fc36f09e6034501da1587d448b07a0ecb34500f6,18,0.6837025803766151,0.03798347668758973
3e2f2329f2aab1c682102801eef22ecad25511ae,1144,75.92248879537952,0.066365811884073
23a5c24952f848403dba69191e5b4b713c858a7f,1316,5.915235795080377,0.0044948600266568215
7a475010d0fd93ece6cc00ee5f4bc77ddeda6638,84,1.3594234705122297,0.01618361274419321
4931dfd62598c789b0f42096fdc1a114d799f10e,16,0.9982883283795764,0.06239302052372352
a1153bed35b7bb805f56bfc82a5d913f74d3d0d7,56,1.2011011281050064,0.021448234430446543
72557bdf444427b5976baa84ae97662797653926,360,0.4039920827417671,0.001122200229838242
e1dc5a1965c95e3e6bcad42e9909cc35ca346930,32,4.540281039406718,0.14188378248145994
d248814db10fbe4c7052a6de4ed6a69dbe7cc94d,7,1.4829489576663597,0.21184985109519425
be089cad74fefdeeab28e512bd752c9410c1ba05,60,0.5270301980519894,0.008783836634199823
29ad9956e09a39e4256c0f13f52a85e626dd9e5a,238,40.665785437258165,0.17086464469436205
0643d6e1c5ed5b23ab843f7ae03e55fca143382d,86,0.4378236928400549,0.0050909731725587775
c68a83122494706fc481793db8321e392503ebb5,527,32.63929800136958,0.061934151805255376
9d73b9e155f2372ba18987b2fb7239988e00351e,3060,3.517224668014027,0.0011494198261483748
67a95045a5ba1d7918570c920f675bfbe4e92813,42,12.769243768978088,0.30402961354709734
c6ddda9667bdc7b176065bd868ab10d070262fd3,13318850,78733.43950577691,0.005911429252959296
0d4e591f680453ae00e47e8c3d2c6b05d7b54062,297,2.3123636612583196,0.007785736233192995
41cc5cd57bcb777a65b28cec9059ca5809f9c0ff,500,15.150330965875659,0.030300661931751318
08882553071c18888813e5f553c7e9b2b9674eb6,20,1.5179156260649689,0.07589578130324845
cb0ad72cb19f1cc4fad8e66276e6cc887492fae2,35,5.893408830815834,0.16838310945188098
b8468ebce35e3486cc2f23cae622d09d17df1514,16,1.0,0.0625
447a709ef784e170884e09129a31d081e7dd4c29,49,8.616732896419506,0.1758516917636634
ffb6c72d8045267a2db6d4daeae0b917347a9ccc,6100,9.819909529456494,0.0016098212343371302
dd2a9139377d2bc8c5842fd51add9a24636ee4d7,572,34.65251307572561,0.06058131656595386
ad465781ea4f593796bd21654d1ff4737ab12266,77,0.595704353828704,0.007736420179593559
db24fee2e23854f5f508260a6961de0bb8fe1bbd,1410,97.51517738046445,0.06915970026983294
15f3fb0669fd18fc95db810be5c8c6245f5e9339,104,1.0332032191739646,0.009934646338211199
6ba791e6ba0a8780b2d332ab6e080041263472d7,3,0.6746361633374367,0.2248787211124789
02fa7e5ca2697a6b7cfd7442e61555b395f1b826,56,1.4583432537481276,0.026041843816930848
74d4a2a82fa7431d0fb4242a964ee0d0de66ea23,231,12.96497687229228,0.05612544100559428
ec0e19ec52ac9fd44ca4bd0dfe904c9ebea73d02,570,3.818544335411218,0.006699200588440733
39cce2e0719c7b06edeeb4419d36130c6aeb9329,1890,1.708181751639168,9.037998685921524E-4
8ba636fba1ed6912dbbb417bc0339cacfaf84e19,12,3.361482736182505,0.28012356134854205
555e73c16432fb5aaeeefa8c9f4758aaf8055ba0,909,0.4307764307029525,4.739014639196397E-4
8c133042588285f22493f1abc54027b38383b081,5766,14.564412944892046,0.0025259127549240455
83578be10ad19349510441cb05c3e1542a475d94,28,1.0000000000000002,0.03571428571428572
4de3c3e5ae9c3d77d02bc0ea3bd594fb01d5980c,2414,13.671113808586158,0.00566326172683768
fc63dadeb0b3c2984a99fec7f40c283730510cfc,225,26.847016941641787,0.11932007529618571
ee7ea7cd8a303a7456096ecde7b2daefbb3c893e,6,1.0,0.16666666666666666
4a0343f57255af896d579823bfc2428cda971805,2829,107.714958608387,0.03807527699129975
a86079afe7e5f497479e3307baa2363d9e4d5434,8,3.0033617557388492,0.37542021946735615
2fa836aaed496cab10025e3dc9a22391a3f8e2df,29606,514.0528002717854,0.017363129104633702
af5416f326da27fc547b01a3182eef2b80fd007b,4250,6.04944753821945,0.0014233994207575177
40ad7f9dc3b0d012991253c3d65f695c7de6c2d8,392,1.6073595540917425,0.004100407025744241
2f2ab71c2e8189cc41d3ba37fd8bd5d328d54228,1144,75.9620687258233,0.06640040972537002
24418363867729329728af337a1f1dd7389d2307,3,0.41617759470237436,0.13872586490079145
b9ea493ac06ed22f513f1882a755b38271c73f81,2119,38.94538485067754,0.018379133955015357
84f276a230283235fbeb768991aefc815af3fb93,54,12.362345575180795,0.228932325466311
abb8df0a34cf026681802cc9c1db68e6b46d12e5,50,8.45600255670266,0.1691200511340532
7c49c8d2532a69339279c2c3bbc91246034e47e8,30,7.594423043068886,0.2531474347689629
6ac76acdfe73b3fc10987da67c70c3b75c8cfad1,25,0.5752452380975861,0.023009809523903444
7e1753f291b00336c530a61fdc4b68c01b584dac,2556,11.213937105914606,0.0043872993372122875
24ddf8fc3807bc3d6ec6d1ecf21f43888b593ee1,66,1.2438183956677697,0.018845733267693482
8726c8f6ce3915585969e80aad875b72e3164299,154,24.54917163265733,0.1594102054068658
ff813845743fb03cdb892e60e1894552395bea0f,1080,0.47567006320128835,4.4043524370489663E-4
a6ab1d846f2468c4ac666107b5335dd7c997357b,247,37.678614819870575,0.15254499927073106
7db3d6cf3ce57daff5244198c9164f59d459fe0d,156,22.4435916253012,0.1438691770852641
2a3d6787c7d0dd598f3826850a21a557f5397b37,124,1.4167779418681212,0.01142562856345259
c5ee3aa33a8dc06b5237ecd71683027f4aa66f09,200,1.5019136759549199,0.007509568379774599
1726672cf4171e4ad79a8817be8fff6ee657b1a5,82,0.9520338602721765,0.01161016902770947
fdea9fd669f84ff9b2682115b703ac63b4518257,78,7.380587787909667,0.09462292035781623
6d708ed00ca7aa5f8239fe13ce3d1aba1e7ab94f,387,1.2674204205712307,0.0032749881668507255
3cbd0c852fbc5027b9ecfc47d232ff4cfc8b3dc1,45,2.318069017217733,0.051512644827060736
ec3719d76c314c0f81a48cd318a9eea90689c15b,60,2.010259714455963,0.033504328574266044
0e6854024d4185312c0fdca791ef17bdcedba6f9,6063,133.78786201818966,0.02206628105198576
394a6ee9f9f8fd75be070a5d545c7dea0cd6de39,99,0.4725196997652364,0.004772926260254913
fe502e2d4a011e3f569c6e26b4ca0ce3cd187e17,48,0.4834659138033372,0.010072206537569526
21859650ffb401f3d9dfc02ee70c5a3896868362,252,1.5708047144256727,0.006233352041371717
539d297c9858005e1179d2863313e7e87338a872,304,30.935559823307035,0.10176170994508893
e3785590c1ec80d67508eba3a34a451168f7ca83,972,1.4166269587497216,0.0014574351427466272
69710d3eaf9dd370c2d4ddecd95f67376f6d5e06,572,34.61193874406647,0.060510382419696626
fd3cdc326de50ca541b1d766484a4758034c391c,2626,10.002425449599652,0.0038089967439450313
1cf5ba50dd83eef7a63bf7c530821ad31f7bfd0c,626,2.3092131232868134,0.0036888388550907563
fb27f7480b06118300865276ce51cb71b542bbc4,7,0.4043738052996466,0.05776768647137809
aab4536278d8f4c4b4b66270a997d1399ed79d57,304,25.94426158087711,0.08534296572656945
b66ecca5d7dbc8ac42546b3b9b63d746a171a396,696,2.912585518209763,0.004184749307772648
03d8b4156bc2f7acc9aded8badf51448acfd6e60,82,1.7296626349690993,0.021093446767915844
152183d48b74fcb373eb0d1d2f0d3e3650e07f3e,30,6.2702087909441016,0.2090069596981367
c2fba8a6d4ce3f9d02750a68f8047597e0622f8a,2145,84.37856006435453,0.03933732403932612
acd8e56cc61bf342c7cf6a302cc9c343359c7769,1251,1.2834587628124878,0.0010259462532473923
aa9a3e51e2d9e266a93b5ba1d0ad4c19ad7b5cfd,60,2.2575355890286737,0.03762559315047789
67d4b78620c024ece82718d31c55fc9d4fabe373,160,20.37449152918401,0.12734057205740007
3a3f00e638540fb3ce923244dc2d514d7f862973,551,6.78378252727735,0.012311765022281942
46589024f5fffd139734c31783bb6c8e4cf7e271,126,1.0000000000000002,0.007936507936507938
b6bb0e3364bbf046321ba83957a20551afa45955,4365,7.469087723780799,0.0017111312081972048
401ec28bbf9f6ecff3730c2e95929f6b6a746859,15,3.256547749024649,0.21710318326830993
8305355b32fdef6458a3843adb4a7d42e385c2e1,484,52.94739792614585,0.10939545026063191
d3feb9374069e6d930a38e5acf07018ff8ac7010,56,1.8943745599799307,0.03382811714249876
7fba5df0ec780717e2ee2b83d9ed367792a2de84,638,50.107136426917144,0.07853783139015226
6fb54fec23d8264903feab6ec74a111745b18a01,528,31.583783923737748,0.059817772582836645
ed3dbe7485e040a5dfec9244e3868b9ba2c76033,700,2.422668326890121,0.003460954752700173
6da6f2281fba58d62d29a81334895f8ee09f9792,1200,2.366815208908551,0.0019723460074237923
c8a573266ff828a36e9d2cac17093156d288205a,40,5.1909082324993046,0.12977270581248262
eff085fe9b68f168e8c3276701ada135388b1c03,868,60.91146591049524,0.07017449989688392
1444173e6e35a2a34c28706901b306697877f23c,67,1.9613143334469494,0.02927334826040223
4bb3dc157ab7e907dd5baa97eb1fa80ea471cb53,3,1.0,0.3333333333333333
3b7c0bb72e48a7c0c8b5afe9db5de4870a303f48,378,4.045284204458778,0.01070181006470576
269eed4d8e05c2509dadfd6f89b20bc9ee1e40f7,42,0.4575396353234634,0.010893800841034843
dace336b0da0687875d09aa2fc40e258490ae931,464,6.729770889343824,0.01450381657186169
9448638f5f9018ac7a006a2354578a4e607dba43,6003,27.993361629365843,0.004663228657232358
6a4a229cbecf8ed94fdde6f5efb0c3be6a13ce10,35,6.545898452202512,0.18702567006292892
d7b39faf74407f7b568192db893f5988adca2619,14184,17.728236703844903,0.0012498756841402216
12795f6d304b209705bf2457a975934e8853d6da,40,0.5210780827406845,0.013026952068517112
91d6e9f0160e30d93aea326948db5ac024739e2f,294,14.241500104529727,0.04844047654601948
66fedd82dd7c8f707d81a489526dfe981001b2eb,49,2.853023770472297,0.0582249749075979
3a16fe92d05465c1dd4861d430a9969b6477953e,5,0.6467588658482374,0.12935177316964747
99ca885c12946065b518f8232a636aa606f9c004,528,43.30109135869784,0.08200964272480651
386ed2263f2204710cf5cd54f4a31b7f1aaed3ff,4,2.0,0.5
94c5f6e420bf362035f082816ed535525ad07f7e,182,21.209583871938328,0.11653617512054026
5114751c5de91c802d69a5171f2f7d9c5676931c,14042,575.2776800016485,0.04096835778390888
3ad911c5ee9340ffae833f339911cf295b9f4d11,70,5.54205908505119,0.07917227264358843
d56068c661fb474f8a7b8ba589d036b8a7fab5f8,35,6.366723144130058,0.18190637554657307
3478c389e1a9dcc210f7d821eabe8e05909b8808,72,16.842183749006598,0.23391921873620275
3ec3309faa307b2dcf03ea7510d43a0a6fcc9af1,27,3.656943379305244,0.1354423473816757
91edb244f2cb4bf1aa2c792d629753f060ac5a9e,1791,16.594540853531097,0.009265516947811891
2aff049506a20e7d2c576bb6736c4c3937f0c04e,270,1.3813898064682508,0.005116258542475003
5297f02c5fe9472e835542efc2f870fee1cc5459,60,2.0603678444541678,0.03433946407423613
e454397f20fd0ea0bdcb7d7682f34daaa0094721,180,5.592428821992381,0.031069049011068783
f795a3a22dddcbb02a475e385008a255f451e8fa,110,19.47853864762754,0.17707762406934127
868ce83ec5bc5c1c90347701bc81eeaa433d729c,16,1.0,0.0625
b6e9699eef5444c02d6e86a01308245b793ce85c,3360,5.097745617186129,0.0015171861955911097
2f1006f35bb711c5e20ed9bdd8705dbc026fe304,301,0.8776925373654236,0.002915922051047919
29fb582d5b60139be0b5b1db225bd7026ab4511c,2556,11.173253321309165,0.004371382363579485
31246e2cd3356b224e5a5404ec0476f97241235b,1155,4.773970537613045,0.0041333078247731995
0208ef7f7ab91baedbae5425068bc6c394e0d3ff,240,17.306120243844024,0.0721088343493501
632d15d660a1666e78f46cbb7d8e3d739ed04f97,1554,75.28137377831963,0.04844361246996116
b46c327160606861c416b46ed13f4e4deab443b7,221,20.677058338515714,0.0935613499480349
3c676a7d70eed39d05df0bc15afeccb937ce8d1a,63,13.42190329586237,0.21304608406130746
7a2f364af32f0fac5a82c159358c71f704bd8aee,180,0.9643039724638931,0.005357244291466072
57adb194fca18869c7c42d9f8df0a2208b371dcd,4150,0.48922137225105067,1.1788466801230137E-4
aaf1f28417b5c95115341e60017be2c74a9c3759,878,2.5067947725980178,0.002855119330977241
7993e58d496de890172ff8312809712dd5b11a24,420,36.8266263546591,0.08768244370156927
a2ba044679ff0ef81980d69b20acc6546335e610,12,3.0,0.25
6622f99b8d2254043e4e741752c6a889b076332b,4,1.0,0.25
51824ed10c4b367d8923de51ef7b55d7a8274ae5,17420,3328.135807499614,0.19105257218711907
3d91aedd0a72436bd19991079629656729726b90,26,1.000543725984134,0.038482450999389774
0c72d2eb31e370bfed70df58c81d6aecc7166a06,15,4.680300153128312,0.31202001020855413
b70894333c6d173258a070242935f7babfc2f7a8,713,140.63921595072068,0.19724995224505004
87a798ae9528dee4e9bc7abda711df546c3b0ca9,306152,1996.750507982541,0.0065220887271111765
79d5f8b41e8c34be64c5b72bc6601215f129d0f1,713,140.63921595072068,0.19724995224505004
a429d58729acd16eea7ae05ee3ca073d2a38276f,10,0.511309307266652,0.051130930726665205
2da1c9d3425bc4ac1d8544bf09b6992eec7af8bb,24,0.8099766713417529,0.03374902797257304
7b9f3d6fdd35e7d505f3170f62191cb73aec567e,115,1.350083672297564,0.011739858019978818
2571d6e48bf756241d21c8de499c88620ac4131a,360,3.5096607643350426,0.009749057678708452
be4b504db39e9ec36b98a468f4b1a6633e440b44,14042,571.159641898318,0.04067509200244395
ef999c6b4d223ab426a0d51869965211dc803b0a,651,0.4257441055358128,6.539848011302809E-4
31ca63210433c66d1d941bf0b5cf9c9895f15038,16,0.5606311886389177,0.035039449289932356
8efca053d65f3521a6d40524f9dee6d49d8477da,195,20.325927409240947,0.1042355251755946
e6859dd7262b2e0dd9af47e22cbc41905464b012,24,5.048446222134025,0.21035192592225105
1fbb1a89e4f3633c2c1d5a59ee21b9318d7324fc,72,1.1401836082908101,0.015835883448483475
4f34d493c158d171927d9aaa5bb92584c385594a,154,20.21934463501412,0.13129444568190987
c918a306fc4dd3f403c047abe8321e645e440de7,805,4.932368563333251,0.006127165917184162
19ffdb4ab8ee281655ef9e597061e9af8a1006e9,35989,25.994909548910197,7.223015240465197E-4
3cd645e4c550865f625834f1fe3e9e70a5a4e42c,608,4.684936233236446,0.007705487225717838
ce1e8cc25ff991129033ceb90f23cb0e22298ded,20,1.837849894645042,0.0918924947322521
b73a9b3c56d9c0068fdd563c13b0b0eb61377426,528,43.789764554530414,0.0829351601411561
cad7e4320a214998300818864a08c48d999bad5f,462,50.92148987282875,0.11021967504941288
aff85c3030332744a51fa65d5612830b9a8684ae,1001,21.54970671529214,0.021528178536755385
f7d11a9d1c79fe8a7b40d50bce00b2943313c03f,156,22.389867357400735,0.14352479075256883
be4d73d7c38d9d49eec21199598c7897d2359563,1863,0.9717572764988457,5.216088440680868E-4
f0eba13df8159ef20ee5daf5962cd16281d029d8,28,1.0000000000000002,0.03571428571428572
e60b8b0a423ac354c0432fcd59d4ab8837644c53,624,24.682085049284368,0.03955462347641726
212ec883a4f08e75a78bf3d76b135dc1b3f59b0f,324,30.11645667561637,0.09295202677659373
ec3bdaccffced7f5e14ed35d5c59340c2bd34f7c,513,2.778166258449351,0.005415528768907117
c1ee9ec8708f71cc3b0744542dd79bd673c92e9a,7,0.9999999999999998,0.14285714285714282
3888a423064bebc5bbd5d973dc3ad0087c66b427,452,1.941886436591096,0.004296208930511274
03b3eb7e947a8cea70421fcc64c5abe2728865f5,14,1.0000000000000002,0.07142857142857144
cb8ea6e4a88cd2ee57ae69f13d2eded444c92f16,3888,4.975861037310499,0.001279799649514017
18f840a29f637c5e14903dbe3c7ba8ea5438f9d6,2735,0.44249865826502355,1.6179109991408538E-4
f6b040d6d6a0c13655e085114d6a84d27833564d,864,58.37688797718697,0.06756584256618862
f7b23272d61fafad4ce634fead41862c235cfde9,195,20.250461110745135,0.10384851851664172
2254bcfeb5920a1ea08986c5aaae1b82e2fd40a7,240,40.83555788486789,0.1701481578536162
8114a0282d47d7862a49768134847cdbc99724f6,200,5.881182978782377,0.029405914893911884
ea6750dade5d3d5ffbf4138643bbf4a55f03eed9,24,2.587415420306989,0.10780897584612453
045049f156c2d69f1a4c5b4df8f375739fa46382,196,26.99122840520203,0.1377103490061328
06d0d4725ee1a79d7a826758073d06bd8db57498,376,4.5511017630675505,0.01210399405071157
