558aaed407df4de64f3b8a7da70f5aeac285c6e0,1130,1.9273341063749245,0.0017056054038716145
6decf7ee9e58f301d60daa2ca55ef82dc53b078b,99264,5.745937651720756,5.7885413158050814E-5
17b99e3c5261c74afa2c5c21310dba2f1d430b88,4970,5.0,0.001006036217303823
0c8437c04ed68f1af4dc7b6acd918d7a329a8276,3182,1.9902878588057626,6.25483299436129E-4
8ac3fc0f64b077485b057ec535eb51e14f326fec,513,8.98844192689096,0.017521329292185108
3775fdcaac370f6cccf6a7a5089bff12b6f28782,2584,0.9999999999999999,3.8699690402476777E-4
7a2eccc2ac457b9d04a98aedbb80b5404eb32b55,641480,541.7524947405061,8.445352851850504E-4
b5f2a3fe74d0b077cd08c9093c7a3374a0c4941b,66,6.0,0.09090909090909091
ec445b2ff2ba2abe7a2beb604ab76b9b8e475a2f,62784,1.0000000000000002,1.5927624872579006E-5
0044046f59ba40b1f8bbf88267eb1e76793aeebd,510,0.9003932463157923,0.0017654769535603771
c11c4ec0fa8be07d9328bff129c8ed1715a9589d,12420,0.9999999999999999,8.051529790660224E-5
4fd8f64b5b5f5e90136aa440664d5e3487519c1f,1460,1.0,6.849315068493151E-4
3a32f41cfac1d82c138c3052978229e9e8db6c61,25194,0.9673537484628654,3.839619546173158E-5
bbc9e8425d4b9f00d53d7844102bf7157f967d6d,11341,1.0000000000000002,8.817564588660614E-5
c2ed8ebb81c040d026b78ad55245ba2e1f2bdb75,1480,0.9118150128502447,6.16091224898814E-4
51c5fdbfc2fd6850ddbb68558f3cacf414a35f56,208,0.9867686121139303,0.004744079865932357
0efb81431dfc2a4cbdb0b4b65f97b2fe5bfc8583,68900,2.9023533895176885,4.212414208298532E-5
f85aa67a894de9f17614b315e0bec265d1373921,14446,4.795067335499113,3.319304537933763E-4
4c9eb3d34cd9285a8514e3badab6b36ca259fb48,2176,0.9081116909215509,4.173307403132127E-4
a473860b5aea1b80ac6955769ffdd31a75de7b24,22644,2.0000000000000004,8.832361773538246E-5
84c13e9a9c895aecdd3ce68d801ef8d57aac141b,22770,78.40424358227908,0.0034433132886376406
b0644899ffbaa3f6e6b21686602bf771a4ae69c8,700,4.718139930028404,0.006740199900040577
bba1e67f65ce8659e4d995f22079a8378011fcc2,40158,1.9250062761394888,4.7935810452201024E-5
705529bec45ed091a3f9706746e4c4a8d0255af3,1425,0.9979703212643932,7.003300500101005E-4
6cfbc89d0802cd48add9e7af1dafcd5aee84e84e,951,1.9712079945913907,0.002072773916499885
33b26390342dc23fb81baf73a2df3345df5cd1a7,2783,10.934565151774933,0.003929056827802707
774c15fd6b858202f9171e228ea9ac0347d73f1b,17766,32.68949312608007,0.0018400029903230931
eb7ddb0f626aac5a9bc5ff3b94bf0d963d13c6a4,43542,1.9359411021268393,4.4461464841459724E-5
ec1e3a41683e13eb6aad7b286381df7938210c40,10017,0.9601227100705853,9.584932715090199E-5
686350c14a06e3e5ac78dec31d5aeef65e62036c,11480,3.8904291094579655,3.3888755308867296E-4
4123d1aa3762da5351fd0ad61efcf91658a31bd0,33616,3.7340892404765937,1.1108071277000815E-4
30e67566cfa22eb28374f60e4ff40ca8c93be5ca,210,9.0,0.04285714285714286
243050d80d9ddce76e1183a2ddacd1b0303447f0,24990,2.0,8.003201280512204E-5
85baafd701be1942f7995f779ebfbba5f24c6c4f,7696,0.986519377875658,1.2818598984870816E-4
847a14f92ebcaa975131a57c49d32b35ee935da8,1360,1.0000000000000002,7.35294117647059E-4
09fcd641628f86fc6be697951838f7e376c809da,1040,1.9512096667732468,0.001876163141128122
f252788d4e59e6350c6b8f0d50a5dd590e83a23e,18486,2.0,1.0818998160770312E-4
440d5eb696e5dae2e73ee8c6f98ed3fe707fc624,536,1.0000000000000002,0.0018656716417910452
c946ad982ecf4d67a6b82bf939c99195d4606885,3320,4.771735617357022,0.0014372697642641632
301a25a21e9e0fd4b8508624ee87840cc7564ca4,35020,3.8857848675004862,1.1095901963165294E-4
2357971de321333c078bd29fdf17bbda4cf0ebf8,66,2.0,0.030303030303030304
0f9b29aeba0aa095e469f6efa882a1e2213eb2c9,1107,1.8417545108585482,0.0016637348788243434
084b005bc0b46f532a676f97fc5ac43e83786a49,482,1.0,0.002074688796680498
19d4e342eade9082ee6e456d3bd77529da76ed8d,128592,31.8482982060922,2.476693589499518E-4
ee270d31dc75854644d9e299a2acf3d0069833e5,12701,2.0,1.574679159121329E-4
e7ac5f57e34e5e08d4264d80157e457817be1a39,25,5.0,0.2
2fbd8dd34c1ffd844d90c9f35f4e41c6e3e1b6af,1296,37.823422690031705,0.029184739729962737
ea7547b99fbf033dc466aeecabdaf585321e57fa,2400,1.9111873731941142,7.963280721642143E-4
aa4f82fd777943b7c5e26aaf58ca5166e91e3f72,18954,3.769954675420718,1.9890021501639326E-4
aa717fa06ff754eefb47a71143aeeed3d11d2e05,55168,10.598088438655754,1.921057214083482E-4
36725fdb51dc6910ae1a92119fb0903380797eb8,11297,7.735687616429157,6.847559189545151E-4
41d51bdb27401b6058780b95ac48078fefd52031,32227,0.9557595770596194,2.965710668258353E-5
ed806e73848b05eaf143b11720091fb28d5aa9e0,1222,37.925425474704454,0.031035536395011828
7c2779004be510db4226f95874368291332adb3f,70686,3.8174475030319464,5.40057083868368E-5
9b704292980387118f164ef72bce81c20ee858ae,23856,5.669201158869262,2.3764257037513673E-4
e321d78e5ae7d3a1c2f61106c499954a120dda57,13257,0.9854492986714538,7.433426104484074E-5
0932f496f3c0f64f93e037c01a3de8d346dc2f9e,2396,0.9999999999999998,4.1736227045075116E-4
5884f004b8b817b0156147def4bc64722cf686b4,2,1.0,0.5
66319bc3b69c53e632d333a6fe695bd9ac038973,15228,1.0,6.566850538481745E-5
f092d02437af4c5fdce312c8f0b738d23d668d76,116319,1.0,8.597047773794478E-6
c2ee8813d3c085465ccd321ef25b7071bf52cd39,420,1.0,0.002380952380952381
611ba4ea186bd2283c9877d4ae91577eaa9eaa09,6764,146.80946096237977,0.02170453296309577
cda3abb06000c0786bed1437a2ccf47d4f3ec19c,4320,68.49185556143573,0.015854596194776787
0ca4fc6ea0d8be97564c95717504fc842359e8d2,3102,1.0,3.223726627981947E-4
376c9f5bb5f533c2e2ca7b811aff2a3fa2134484,134745,12.2992964339325,9.127831410391852E-5
58eebcd1d902e66ef223ecb9661362c50b96b5c7,103429,158.9612835788975,0.0015369121192208906
56ef8a9aec38d870db75ea259273d4a4947ac708,165600,0.9999999999999999,6.038647342995168E-6
b68a1f689e1a061ef294c851d0a6eefe3c6351e5,6463,0.9136213525149717,1.413618060521386E-4
8101970f51f3644374077bd061f9b46bbc6d340c,2286,10.920000914581971,0.00477690328721871
1941ea5e9a1d939358126bbc22a52bfb99f61455,148840,9.558435146080186,6.421953202150085E-5
57cdfd9a78432c2cc600e58f0b062df5e0e543bd,8602,9.459404939225866,0.0010996750684987057
70dffb6d672d478a808672b609f28df038146d16,96,1.9633774692146557,0.020451848637652665
efe660d79c548454ea3e83a6c50c8f8bc0a53f69,131989,6.6433183940118345,5.0332364015272744E-5
3eaeb6a4f63064489a10dbfbe420aaaa1d882e08,456,4.0,0.008771929824561403
641587cfde40d0fd9795a870be16e2775205f569,1599,1.0,6.253908692933083E-4
5df886ecb32de2da6c6f68b93d0e8edbaab6489a,68968,9.451739836913289,1.370452940046585E-4
440fce06f4cee9903e00ec1b1850e4f3be0e17db,69377,23.378556472392713,3.369784867087466E-4
8e8644d0a5ec5f6be2756f7176979c643e89652d,6215033,3320.4167290909872,5.342556876352848E-4
aec2ce7e7194e6fa14a6eb9a82e7e57490bcee83,2666,0.9704687822808071,3.6401679755469134E-4
4f0aa15aa01ca610256e40b5ccb3c3bc54898054,2838,33.823503140931514,0.01191807721667777
c3a601e780561b74be22f30deaccc03de71193bb,771120,781.242200008464,0.0010131266210297541
ca4fdb1178951b1c39bc935bafdb54d95cfe7c18,3690,2.0,5.420054200542005E-4
c021ab312d03ea0d216aef01b25481a9c07d2b24,49,7.0,0.14285714285714285
dee05a4417f39c2868e21e22cd0e2e9232bbec5f,1313,0.9767770772465751,7.439277054429362E-4
51b4a24a9de36315df78428519c28edf22da75ba,48496,13.290341620649752,2.7405026436509716E-4
761c20a7b7657d5e71eaa17d6845641847385bce,9933,0.9384026304782084,9.447323371370265E-5
54412a440a118e92beac954d3687f55d6454a482,9486,0.9720356036776852,1.0247054645558562E-4
dfda2e0aecb650db109d7a989fa0f98c952e455c,1449,3.0,0.002070393374741201
dd41461baabc6500c4d8482e9a9ba5ab5d82557b,32198,13.531584914079783,4.2026165954654895E-4
32edb00f4ea80e9a9b6868cb396467f445756f52,26320,0.922913416227951,3.5065099400758014E-5
12f8e37e3bf42cbed9d3dde080a42fcf445afa95,204,3.0,0.014705882352941176
496bf2df6fd3d94a2ef1931a1f6f6916392ad9b4,1440,1.0000000000000002,6.944444444444446E-4
67606a5b593e59a17c295dc04a6f5ee3be31b92c,19332,0.9108087173622352,4.7114044970113553E-5
1e6f8f342d2fa1cdcc92efbfb552c66e60c78a06,405824,41.078274037469185,1.0122189431248321E-4
71a9ea6cfb98cf7c94ebf2d7dfca6803a22b70d4,90880,0.9588120129864478,1.0550308241488202E-5
7b5d0adaae500cd4dccac71e61687f86f6965203,280,3.0,0.010714285714285714
cb005d1866647444d4f3a5f54cf3f06b8566498d,20256,1.8826097370193255,9.29408440471626E-5
2708e15ceda114351b1323b703fbb192687b7f2f,21,3.0,0.14285714285714285
172893978a7a949940d94986033bc21eea37d33b,280028,24.515926929704072,8.754812707909235E-5
0bf4a3e99713be0299ec57da9143ef50fd9380e7,40544,3.913129963496866,9.651563643194716E-5
58e88f6e7678417c7b47e470dd35cdf28233d987,162,0.9999999999999999,0.006172839506172839
b819c68900142f509b86ecef06fc284d00c403a3,51,0.9552818007165179,0.018731015700323882
ab0d9aeffbcfb62e3f05d5c19dc0cf98f0d06986,258,0.9320754052263578,0.00361269536909441
be42fbe8b5307eda905bdec4ebdd188dfa06e20e,95700,188.3114113121853,0.0019677263459998463
20a7880882d2c5324961fc279b385d1925b939ac,19856,1.0000000000000002,5.0362610797743767E-5
b7df03f69e37e515d57dc0f39db823cec517cd01,5112,10.0,0.0019561815336463224
e8194b0d350dc9344c7ac07d4ee218a3dedf4364,553,10.801533268580219,0.01953260988893349
33d900ed13be9691759a932b23f94386bbda52fc,72680,807.9552476328034,0.01111661045174468
f03e662934295466c21222bcda667dd7c43f0314,16383,0.9458911467354352,5.773613787068517E-5
d1fe43336a0db064657a0881b26079da3f7cff97,30,2.0,0.06666666666666667
6d3dbdbc35773a91e0152f4e7eed1e17b428994d,1767,0.9807962081499806,5.550629361346806E-4
0d049af8c2f514ddbbbe0dd9d96d7ff0f2135cf6,21754,8.65530976665795,3.9787210474661905E-4
044054c3c99f5e55346fdb2c0f56c375693e66a1,676,51.73160785877922,0.07652604712837163
e7a17b77221a71d1570305e224038f4423243eb1,48,1.0,0.020833333333333332
e615d2d390083e0512b40b1744ded81c9d362bba,37960,1.0,2.6343519494204427E-5
3cb9ad34160d4734a6c6e07a6b227039e4b50a7d,927,1.0,0.0010787486515641855
5200135b83b6faed16b6176709f84058d19db8ce,61523,103.19230571573073,0.0016772963885982597
e49ba52364c3f26cd9e7fa0962c819f90be93e79,20500,1.9999999999999996,9.756097560975608E-5
f4a4851a03fa1f58e5a15bf21c4d6cc45fea4ca9,13545,1.9325211483637004,1.4267413424612037E-4
371296c81a06559b78509a6bf515f38a7ba26f2e,945,2.9396630768728,0.0031107545787013757
7922332797406d982a19288f22ea55fcf746f8e5,25948,3.956243581249187,1.5246815096536098E-4
91bdc11880a44b30c66b356f266920ae59e0bf0f,223,0.9999999999999998,0.004484304932735425
61e59715943361df8b1a9acfd78ce58144608b61,73960,2.956570049533559,3.997525756535369E-5
567a110928cf4600d328bb748b40ae9c6e80a893,1144,0.9531048081424276,8.331335735510731E-4
f796b93c31670b10cbdba96fa1e6da772635e8c2,15964,3.9685018744858276,2.485906962218634E-4
5b3dab3e81d786f1213a05573faf9ef0034ece9d,98189,0.9086644883509426,9.254239154599217E-6
97b09ab7a2abe0ddbcc3d23626a132f5372c9b14,34608,24.387305126074594,7.046724782152853E-4
f93493ca8e1c14eb74e5de7d300a16dbe9dc1af2,233739,0.9806892328809828,4.1956594016444954E-6
d37edba22f6780f2b6735708acdb614f8f525ce8,2244,1.0,4.45632798573975E-4
5b80a52784a0a26adbd0fdb3fb865d526a90c876,236925,420.7481626049971,0.0017758706873694085
5bf545c06a1ae05c449bceec6e10ad33c740376c,5088,7.0,0.0013757861635220125
7f83d1dd1989374e91c2ff0ea09865b00eeb12e7,2576,0.9390196442659564,3.645262594200141E-4
51ecc2e32fa63ca94d03ddb5047cc0eaad34f936,10320,0.9999999999999998,9.689922480620154E-5
3fcda6f6706809b3a2702c09316ec52479864f84,1495,0.9201868690950102,6.155096114347895E-4
7e034ece0414f7f7b5fab79977d05a7c38eb5091,12320,0.987090409762288,8.012097481836753E-5
5759493d6ecbff6b9cb705f4a02172af122f3fb3,49020,3.0,6.119951040391677E-5
a1022b23300070209801ee3adcfe226ae7575f84,42,0.9939169234538969,0.023664688653664213
fb13f948900ef073b82ad0f53c579ea919d1bc2d,33528,1.0000000000000002,2.9825817227392037E-5
38ad0ec3d6d4403ca69621668810d086d40f79e6,8424,0.9380350189467227,1.1135268506015227E-4
7cd63e29812bfa0da051d26aacfffd774aff83e2,1054,1.0,9.487666034155598E-4
2497c7cc82fdcd4d530221c5783e25f11930b3c2,1154048,1044.7404205575428,9.05283333585382E-4
54ae3f4f0ad6e19cb17df5c927e5fd760ccea91d,64,1.0000000000000002,0.015625000000000003
c44f3da704f72ffdc0b66f1c520d52f394e2066e,336,9.94310631232938,0.02959257831050411
d738c4b6e0267f4f2bcd721f041e56e5ee488744,118680,1.9322295322283023,1.6281003810484516E-5
5776fff40f5886a8ed5adb44653cb156278d004f,108,0.9999999999999999,0.009259259259259259
0ddb44cbe64ba1b5f75e68aa92ee456530ad3213,49770,104.08302641689582,0.0020912804182619212
