350848c4ef2e0a37b85d8195c62e8f7cb6d867c5,10,0.0,0.0
8de4745a960e726e0c5bb9fd33bcae55382bb7c3,65,0.9845368117987938,0.015146720181519906
82fb6513aba09bdd0ecd18a28334f3e53ec820e2,1,0.0,0.0
00366ffaeb6fae2033bb7e93318b94842a6d94b9,270,47.15251603567721,0.17463894828028595
e4733c9ca6b02af8ef8a92e006ec851187ea30a6,2844,19.67080440094024,0.006916597890625964
c593c0e90deddaade9e97a3b01f1569a847e9156,1,0.0,0.0
4d2be8bce6f8580e5f92cfecbb235aba59970db9,116,1.0122825588182582,0.00872657378291602
6290be256137834b948e91c02939d4a919078587,924,15.523465416613767,0.016800287247417497
a588725f6514e8e47b74e249c83e782670f63a67,258,9.917418378402482,0.03843960611783908
f13fc91360321e35335f34d9ad426f5bb3818557,132,6.017981725146412,0.04559077064504857
0e13740969bf4ee4ff35e0fd0a90c6119e524fd3,208,7.80411431435843,0.037519780357492455
754cf0f25a2c3d11c589ebeac55898cccd2d1627,800,22.116931024711462,0.027646163780889327
fe3ec1a6ec6553ba95740f59452492b60a31e98c,42,0.2186100876440505,0.0052050020867631065
45b12f104472be0b9087e8e2e776b6cc1bf5efe7,110,22.61787713740095,0.20561706488546316
9032f7f5c52b20945bf6cf6bf6b547d8ba30289c,2413,28.62242531091613,0.011861759349737312
695bf5651387af4fcfda2fdbb4fa2226d9cfc76d,384,3.7822506398278426,0.00984961104121834
922f53e31873ed3651288d1fb93eaebae9716041,49,12.25886463938353,0.25018091100782713
0b12d03b6ff9e7009a343ef5668d0e1b120ab951,24,0.525587519082471,0.021899479961769625
17c22cf84a2b605090a05b83aefb7f18c5c675aa,25,0.0,0.0
87ddb21d6b24a8ceeb72db8cbd7bccf8bb349b43,2,1.0,0.5
1a32c95f38865478041625272bf0ef647520707c,11,0.0,0.0
ae0984b6b117a9dd16fa7299d876a5829927dd76,1140,18.526648064841293,0.016251445670913415
f05c58afb4c13dabc53d0c87f4c44a4f6b46c7a9,13,0.0,0.0
cd7693fdceb12ba1bf4ec913e4ada1b90858e527,5916,65.61865016454797,0.011091725856076397
a6efc3776b6d9b218e90c1d39a8d806f7609b2cc,2025,189.78186834608462,0.0937194411585603
d8e593595731b94bf0764f276cce9dd11ef717bb,300,44.06784498958377,0.1468928166319459
f4f21106cbf8338b6946e6f3d86ff3aaf4015970,40,7.704172177240678,0.19260430443101695
53adf8702d5bdbaca56238feac2cf904db94e7b4,896,83.44493725389019,0.09313051032800244
3ebedb4a6283c4ba714a7059ea8b4b3ae57687a2,6,2.0638545046249366,0.34397575077082276
8b30fa40c133393abe83e45745509b7acb72e3e2,40,0.7890539652907721,0.019726349132269304
9c69b1a1c7a5711c9bb53bc7d74ac5df060510fd,176,26.45449768167909,0.1503096459186312
975a312138c3490dc9db4e5c260784845e2904e9,196,36.14451430323155,0.18441078726138546
0da4c693d3e1aa3d5506089887ee013964cce0bf,1629,41.167449711010896,0.025271608171277406
187ba332340aa0e7db1292a15c0d3078513dcc45,29,0.2851098385868499,0.009831373744374134
394a4ae143782231c8eeaf4a446cd2d38f6e848f,1,0.0,0.0
2a2a46848a45b8dec20ab30fbc50164221bf0ce8,17,0.07446506451011907,0.004380297912359945
74e216dacc3695b08605e85d2ca4eab700bf5285,80,0.7103249083638086,0.008879061354547607
1d85500c99dba1ff4a9fae3675c766f310ed1caf,2,0.0,0.0
de9607e69f6d85090afc6c92da4e1e29800bb80d,994,11.121388119986047,0.011188519235398438
7e5ce59c6c2727479d445f894f625e2295204154,22,0.2738554285167721,0.01244797402348964
6fe4a1ebeb409009dc2a5ef97d594a9387de4201,74,1.662636982807757,0.02246806733523996
5571af200d9c6afed8d8e37065cb2a8d65c863ff,72,0.11232704474105179,0.0015600978436257193
16b01a9c0b5b643dfd6a1c1c5d75f7222e9a1491,26,0.0,0.0
df13b1ed46b8f4c8a83a47931c805351b95bc7bc,7,0.47253131716641594,0.06750447388091656
a0599e53efbe289f70783abb4377e93cf9268fcb,21,1.0,0.047619047619047616
a7ed24b3e90d3a894ecd033cb9878e72d2c6f187,135,21.479352931258834,0.1591063180093247
7ee8f467fc1856afc5cc89db13df0bf7e98add6a,21,0.5150292536818358,0.024525202556277898
a4746d6e2389dd40feeb651e8ba51abd63c1f357,24,5.457261496735377,0.22738589569730738
6cf4b3ab8be48486ff3d779cd5ed46d0a7c32225,144,8.564944090268265,0.05947877840464073
baec2be64238dd8f4a9be43d3447a7b84fa88737,51,0.7745348859898465,0.01518695854882052
26557074565cfbb6b6d561cd9b8631c08341198f,54,3.926922645765739,0.07272078973640257
5743f8bc969dfce0c1a0e3e346c8daa3c623c336,238,51.68901508378166,0.21718073564614143
eb35a358c0b9cd3f45718335f0602335dae0d7df,21,0.10196435348179933,0.004855445403895206
2fb9a662aa3188d0e967a03f17c0cbfb084537e7,2145,58.84522049639876,0.02743366922909033
f500cc0eee0fe6d4fc5b22a8d391a7e2f8d751bd,1225,37.63649263179755,0.030723667454528612
230b78d33714b23824ebe074b5fab5f0f2014751,38,6.233456831732739,0.16403833767717735
471c332001e995646a61de52097e8a39ecaa2659,500,6.924950277630688,0.013849900555261377
4521f03e15e880688a96a11c901577c262f4a09d,1444,126.0410916910693,0.08728607457830284
009e307dba63236b2a7a952e8a27bb8c32ec1b64,700,18.598142971319856,0.02656877567331408
e90422fea1fd085282b34dfebdd938d7eb1fc429,3,1.0,0.3333333333333333
745f36832d885807ee89f848d73c695cac0b657c,66,2.3522919882944078,0.03564078770143042
a4bba782e9ef1633d0e1fc5fe13968b81d0acc2e,40,7.714415397608185,0.19286038494020463
717726baddf7216c833065dd60867d5a8312447a,28896,267.0007867202603,0.009240060448513991
e51804b77fc58de1182222c06d931f14ccf48d6c,2142,28.624167696167394,0.013363290240974508
ad9d59f1b3b2cc120b35a5a279d6e265934630e7,31,0.0,0.0
c74754dfd43351eb79af4ef3613bc6ff54e41d39,36,0.055326206583905496,0.0015368390717751526
df7517007d5d922ea38e318f38e31ad147539034,1771,128.47867266345665,0.07254583436671748
cb23e294caba222311b4f14c145da75b6c2ec59c,8,0.1254673870769535,0.01568342338461919
acf0bbbc987bf843c6d6747725678fda922d7b15,1452,32.30912554765286,0.02225146387579398
734704676d5bd121992fc47c9cee83aa8f9c8fcd,924,13.36825837620259,0.014467812095457349
5e7746db86884553a2f57c2a71a46bea6ee09352,7,0.07969502198305559,0.011385003140436513
de603127130915f84863cac63e60ea037572f836,116,5.0802942248108565,0.04379563986905911
53c3f98bb2be11eae603b71691317d31d45c2dcf,57,0.7136065012026094,0.012519412301800165
d7478efad3b7b16f94b822801f4c9aa414576813,90,0.7149062235490817,0.007943402483878686
166a486bc8805f341f8b9d27889697ecdd9d85fc,506,11.527824110558777,0.022782261088060824
03c5436d8ce5637ce2de2d55aa303331a957074b,35,0.0,0.0
70c0bb2c3ce0f96e7e019e5f7f32630ebfbb7834,63,16.420361278932262,0.260640655221147
fe9eaef2a3cd41182aa2e78470d7ed846e73f823,60,17.796391426036976,0.2966065237672829
07860f72b6afd0112edd3bb02505a2cfc241c005,384,13.030922904602459,0.033934695064068904
bae9ffccf678420e15875b650e37db0568c12139,165,10.116503251587226,0.061312140918710456
b565cea83514099d89d659e9fb85ee4bfce9e0b5,78,11.034852628718667,0.14147246959895726
b2f6fe8e01a3d9861b824d3a0d39e17c667a7b7e,300,44.17723707120495,0.1472574569040165
d0a0aaf073c28dc26a33e73b360267ef17c219c3,22230,302.91639267559196,0.013626468406459378
ab6e34965a6bd8b92cd1b29e8327d28ba56f7d46,105,4.3473020089701855,0.041402876275906525
961282db9d3a4f8196d79094f9b56b52bf944cff,208,26.15645907206716,0.12575220707724596
ae0ae2e9e0958f0981a91a61397967b2501e345c,50,0.34936961623504453,0.0069873923247008906
a98ed1640638b180563194e8ca5c21064c82d8eb,99,3.724309362291401,0.037619286487791934
38e0350d47dca0dff57a601fb31389407bd6932b,12,0.053781639980209475,0.004481803331684123
8c895c867eb35cb13a099050b2116b877c31896a,48,0.17507652606645138,0.003647427626384404
8dfbcc835f6cd8456ca409a53140b555df2faaf8,20,0.07656727980567658,0.0038283639902838293
74b1e3264c5d76793a98b639379167c648083c30,154,27.218995512560937,0.17674672410753856
41eb015f4c8fce72ebd824c7b5a8b9c1c0abae98,300,23.323145406314616,0.07774381802104872
ae2cdb6069664810c7bfc049d250f4ad391164ec,135,22.71159523161736,0.16823403875272117
46789377b089c20494e3f0696a0ed2aeeb5e4a85,28,0.0,0.0
4985b097de34584b2622911336e9191508225321,9,1.0686086195754223,0.1187342910639358
854e5dd849bd7687a1afc29fd1c15057d3064649,774,25.031042892570355,0.03233984869841131
df97ea9196dce2124523ad8470e7774a17ea7c9c,4,0.0,0.0
cd00e89d5e5fa0207b29b3585b6706cbf7b1eb14,30,8.697533328448468,0.28991777761494897
7808fe9118978ce914325912de5a3ab9440329d1,2,0.0,0.0
1e4b7a0f79b5d436392b85a3b502ad49c65ba1fe,150,3.0390759929751465,0.02026050661983431
c17fb14e3d59cbf780ee6ae32488de233f3fae1d,1025,24.83599309769835,0.024230237168486195
e7da721ffe832240e27d680c97acb0a23ff774f7,171,20.95253766849679,0.12252946004968884
5c92e2b98939d18fbc2ea78d0a7bdcb54e35cdb5,275,4.568011216712765,0.01661094987895551
f3c0f3d749f6e5f2db3bb92bb75f7e3dc26e0ccc,486,11.18432218863781,0.023013008618596315
d0fe2f203cd631657dbc47c8681122b63e373fe4,600,72.1130468025211,0.12018841133753516
8abfc181f96c0dd598ef886217830e93e0b713a4,9,1.0942079514618004,0.12157866127353338
85ca61fc0ae4246239bce69748423629d5210f4d,28,5.727441122737025,0.20455146866917945
b6844d9752f1dafe60b1eacd437d9298d0d5c3e5,450,11.024778966204831,0.024499508813788515
aa15a0b3c0d6cea4ace49f859f8fbb051270bccc,121,29.668190464492195,0.24519165673134047
94e466466d0365e943215bd15acb4ea376dd68ee,2145,124.81946107148275,0.0581908909424162
1806ab31107a6f860f501dce7ab76ea5b307ebc0,462,64.2171941465815,0.1389982557285314
ea8a417efcb4076da1e65db1109c9c0d9a6664cc,27,4.852879549665426,0.17973627961723798
3fa3d64ac43c51fb5671646344155874e8ee1801,356,2.37792001472805,0.006679550603168679
e2ab04896a35b05f51a21cc7151114dc08b68faa,35,7.996441607591532,0.2284697602169009
b6223409788a11ceb42a4419e9f58ab29d80aa77,638,90.6094922091,0.14202114766316615
fbd47e59bd0a06023bbe4a9b9d55335bc40ccaef,30,0.3613285165302463,0.012044283884341542
1ed56e6bcf72c6e056ed6d2be5d5f0e2270f74bb,528,51.875211937579074,0.09824850745753612
94635605a0ab55f1ba42ccc96c0e4200d59b2e22,12,3.8637582389780603,0.3219798532481717
74b3659784b31b055fa87e43b2561181a9b4a923,420,51.631890173572906,0.12293307184184026
8ccf9cb22002fc99313dde175ba745c0ee5c82a3,40,0.45227573592659265,0.011306893398164816
6df0ca991c977ce901f2df0ae9a4438c32ac15c0,38,5.126073958096095,0.13489668310779196
e7dd64c11d0ed9dd859f0d75fc9589935891cda1,176,4.319514274570407,0.024542694741877313
e3554f9071576d4872858971e061e4342c0dca66,480,9.168389330014831,0.019100811104197566
f716911c23cdeeaa49079d88fcfdc0dec135ee36,4,0.1010108333765625,0.025252708344140624
74e37df61638d0aa6f27c5ad4cf36aa7527876a9,10,0.14064894403288442,0.014064894403288442
282a59140e68e9906c12307c33316a29e8053d84,20,0.10214751611603126,0.005107375805801563
fb19b1aaf57f512081173462125a4b5d4564ee7e,9,0.07904727185242932,0.00878303020582548
01bf670587df8a3e20017c783d987c49358952f4,43,4.772362293996881,0.11098516962783445
a33ebed801f41cc16fe37ded2bd6340737fcf560,44,0.21005118925879274,0.0047738906649725625
ceae8d41fb29163b66fbb19a06460b3af7bd9aa4,6,1.064893644810503,0.17748227413508386
191965d1c0f99cca7e4a93b8598fee9fb7864012,22,0.1398224860301004,0.006355567546822745
6c6fb15edfa2ea8572cb897b2cdb702e33f0e163,1830,151.9653020676504,0.08304114867084722
5945a2af2581a33cb2ebbdcde37c2843644c411d,176,26.454497681679083,0.15030964591863116
80bf7f3d4c1ab241bc5f964597342affbe51cd4c,812,7.102914130043006,0.008747431194634244
ad672ae9500a5c4b3752dcf09f458c0e964395f1,9,0.2633576228337383,0.02926195809263759
2d8ded4f0c4b134354b82b0831d4309b55a1c97f,805,12.656789683462865,0.015722720103680577
55c781c6fdd18691ddea626a5b77e965a7b1b3b9,33,0.3714552886261629,0.011256220867459482
d37a273f3618baaf9c1cd555aad73625b7a8526c,8,1.0,0.125
a04d1b474ebfdb75fc62cd90b5fe19d86dbe0d18,11,0.0,0.0
6db537d855494b1a39efeaa2a7cf3019efadb732,304,38.889349002161644,0.12792549013868962
e9c064413a4c03ac16c4c052eafab8f9ace35142,208,32.32763419432735,0.15542131824195843
d239160fb6136600cdbf025eb5d3b2a29c1d8647,29,0.13215111462255744,0.004556934986984739
1e18aaa071811194eb68c25c2d42844ed2f2aa7b,20,0.18463186182046137,0.009231593091023069
351a0c9f70d8422c6a495a359c95acdad0273a1a,68,2.188353176420313,0.032181664359122245
6c02ffec9d18759d54e00a19131d10a94398d434,12,0.10046972906513893,0.00837247742209491
ac2e74da98e942180fdb04f17ce1c9dc7ca63866,480,17.546277071155117,0.03655474389823983
1a6ad677d2da86080e2ff0e0def4e700f5e3498d,62,2.658242393747827,0.04287487731851333
7f9023feaef35d9cf23d3402098dfca6a2bb5ae0,330,5.2902260800305285,0.016030988121304632
e5371bef0a22bc5f8029532249d105ed77f7e3b8,424,3.518299496328679,0.008297876170586508
c038aeab51c72c9ea3a379a6bc1e77d3d613c351,4,0.0,0.0
f01a4e989dc5f8d448dc467061f5afa283416798,66,2.460614563072699,0.03728203883443484
7694391390cad246b57de4e2f10825126518ac93,1,0.0,0.0
0979d5d12b62389d6e74af49e208dc793375432b,952,106.69390730424419,0.11207343204227331
68bc588fbedee8e8d3f1a8cf0850e86749405b45,135,22.497831967703924,0.1666506071681772
293ba6f6fd02e7fc38efe5742067d8456c60c18d,312,4.060642261196725,0.013014879042297197
bbda9d7771c73906b34826dfff45666efe726459,480,23.481247109840375,0.04891926481216745
86e96ad69f49c7fcac310af9944d23cd2946aba3,144,19.276046196390684,0.13386143191937974
2950c41b872bf0839e4ebd76e3ace557a546f878,30,9.316393545927465,0.3105464515309155
ce9acc315e8dcf03a74f1f4c3b31c356c7c03606,72,15.599939654088137,0.2166658285290019
71b16c3ed7a41287517739d9bb74e597a4a0adf3,2119,131.21041309529906,0.06192091226772018
dafc78909fd26ba0ded6473ce339abc1552212db,12,0.24873406806861464,0.020727839005717886
6b3151975a593d88d6ced60d2f532fec1a73288a,77,0.5894057699123672,0.0076546203884723
f416ddead5e03ac8e05bd7dae2d0bc12a614f5cf,72,1.0158742811328854,0.014109365015734518
dd10c0ddbda22977f2afb00f0dbefb26999c02a5,18,0.0,0.0
e7e6578c29f4192707b16c931b60532a6cbbc4b9,110,6.559456532201033,0.05963142302000939
4d9a95e0a359080fd94f0fd8c9cd40d9fc634361,616,2.8053734847743037,0.004554177735023221
682b856f3d5b40286e8dd6d7429f003b1fe1b67e,168,0.7081415136495541,0.004215128057437822
cbabd20f7c858be60c81592bd614314cf2588ba5,40,0.9006931384879439,0.022517328462198595
2f4292635cd8762950132e3e4e1f6558c40a504f,6,0.1490335192359839,0.024838919872663984
2a70a8b7265c278277572e744f52b7bb05b7401a,700,9.80673539794743,0.014009621997067756
a33aaad60afaff99dfe34298e0828642693abf4d,6,1.064893644810503,0.17748227413508386
36636c094669234ea499d516aef40e9062e2eac3,7,1.6033453730637233,0.22904933900910332
16cc1ef545355d6391ac462c69541a3e40296195,2,0.0,0.0
2c48d6630200c428abf45c87f17006a5cf3e0756,54,12.798643235319682,0.2370119117651793
37ac33c5a99da2278b0d3a8b05ce10943abab93a,30,0.7628222157373028,0.025427407191243426
0b7fb95430087a29ca94d9cf949462fbf986dbde,13,0.3381713308512831,0.026013179296252544
441bcd13f58a20a6dde1ebd710aa8e5f04cc19aa,231,20.232606420754493,0.08758704078248698
a55645d008f933cae4a5e70860de6ddfa0c2b063,4,0.1251600761639794,0.03129001904099485
a0b30621e267e78ec0843c3a4db3ed237d6744af,105,2.3951267325044485,0.022810730785756652
73ba75d30be640a545a86b9f456183f8ab58a925,245,6.507565996473897,0.026561493863158762
6d9a2565529025a511ec2b995891c742ead8a222,1650,28.44896915057583,0.017241799485197475
4cb2d5d4d6186d3e97e0e14d1ea25581a9ef83f0,240,25.44486048546442,0.10602025202276842
a5a3a2865d62aea751d4f5ec44fbbf9a44cac5ea,30,7.399406431925599,0.24664688106418664
07ef6df2e3bc624109969e565141a2368128209a,1886,94.97020090662836,0.0503553557299196
efc14764808ec8dc49866d92f6367cd016d66403,312,4.557301734841584,0.014606736329620462
8ed06bf96bcb16cec7c84ad3be0a37ab0cc75203,140,6.218858664559987,0.04442041903257133
08f0d3b4615c81eb16ea01d8f4c712dacf93caee,186,7.5529636215050955,0.04060733129841449
4580108a0214a0caf37d6901d16630acebec46f9,324,52.070006962854436,0.16070989803350133
0ea966def3c8fef97648e7f70836613ee434f131,80,0.20456432159811871,0.002557054019976484
43a367357ab7ae51da174c718e556f42e43f5fa9,30,0.24597886167951,0.008199295389317
ca42a6a921164e74090211af53c96d29e949a5e3,7,2.0819110563234977,0.2974158651890711
674d1317bb62bed141d8ad75298a098b9ec67f7d,72,0.4017111122641131,0.0055793210036682375
2c97e4b3001d223db2e8fec2b9d1f0e56c8461d0,143,24.12620709135253,0.16871473490456315
e808cb84889cbcf6d53d611699aa1b50ffe03f5e,18,0.39336402332207965,0.021853556851226648
fd1273e0e4cb69172f60af4a56104322cf6d18ce,21,0.516572816674077,0.024598705555908425
0818282ed70dc308ff5d59f51c8531a238287cee,2,0.0,0.0
d821cc5a029048413d58ea9be6887f8ed6712f14,2420,278.7549557022067,0.11518799822405236
b882f4005741b1fc248151ff5234e82d4f1b4daf,60,18.355435825108998,0.3059239304184833
bbbf47aff47d0a65154f599108e797fd6e17cc9d,40,7.753765989748555,0.19384414974371386
9007375ca0683a64b0e44c8e517d63c885c46242,18,0.18966477870172824,0.010536932150096013
68feed6ea59e959a1fc1b4cb43e144c6b737ab3a,126,0.9725113476971137,0.007718344029342172
98532368ed62c3899954c98470f8b13cb2fe04d2,2,0.021202196684146843,0.010601098342073421
478c3c306143491501b485dd641280dd410c1716,264,7.908929162205779,0.029958065008355225
faa01c81d5d8ba2c1050f209724fd9a1f8690b80,25,0.7670236701492686,0.030680946805970746
3f02fc10295ced69290c2fa61c206ef5e6e79389,51,0.4070714813964151,0.007981793752870885
66cb1a2e836d9a480fad36e733d4f68b41eee7fa,33,5.68269992165855,0.17220302792904696
a4b266d2950d56ff62de9b00d50a58a568231063,98,1.3265519509465522,0.013536244397413797
b904c3ad03183a2f9ce543c5e4fbe6ec4ea2997a,200,12.694719572750147,0.06347359786375073
fa714a0be28828a6f2bb25c27c2bc2b183fbd1eb,546,76.4936537369867,0.14009826691755806
b6256e230ff0a9613aa99b106270d98dd4593bdd,143,29.579395326248683,0.20684891836537542
7322da961ba933bc35e14f2c959f728572988e0f,924,37.26972172447182,0.0403351966715063
78459d3cd381ecfc6f0527c760676c171c849fb1,216,2.188986012337393,0.010134194501562006
f4a06dec969ab441b7bf5dac8bc659e1c8a7a3b4,1554,125.9933028712293,0.08107677147440753
c8b8fd6b4d11f0a32f3fd5e40d8626f1257a3d2f,8,3.0033617557388492,0.37542021946735615
0db015cc167056022391df186a89119feea6e5ba,22,0.23081318977815588,0.010491508626279813
3c80e7201bebef7834dd10945d379bbe6edadf02,28,0.24254016795765873,0.008662148855630668
50ff42ab6817cc867173d3cfb8bbadaad7f43349,1830,155.1727948473045,0.08479387696574016
768469fe4d1340efe1036453366a58c9ab7e30d1,5,0.25945913751338107,0.051891827502676215
c2762751ff20c027a38e7cb002776ef1c55fea23,58,0.2136965947241985,0.0036844240469689395
c9614a5d2dd30f32dce5a74b37fad0d09b50db60,2,1.0000000000000002,0.5000000000000001
832ec66b76a50fab265b4884f3391d618ed2b269,123,5.69219136440636,0.04627797857240944
b368d6f5c1f64aac78476aa9fbb8780d1b1c74cf,2880,110.55202063421103,0.03838611827576772
33cd6decaec09200c1b23440bf87b25403865d08,1,0.0,0.0
7acf13220b5898484ae3ab7c414dc6330cf4c9b3,527,64.76153049076419,0.1228871546314311
2f5179969791dcd10c24f3d9d1c2fb24966e058b,7,1.2473843428765021,0.17819776326807174
fc36f09e6034501da1587d448b07a0ecb34500f6,18,1.9573334358465644,0.10874074643592024
5ab1990a9cac8974bf6af1bd156432b438f3bfdd,4,0.028107075614803072,0.007026768903700768
01bdb10316b51c3e713cfbcf0e432f253435f671,9,0.0,0.0
3e2f2329f2aab1c682102801eef22ecad25511ae,1144,130.32163975818625,0.11391751727114183
23a5c24952f848403dba69191e5b4b713c858a7f,1316,25.218615071931236,0.019163081361649875
7a475010d0fd93ece6cc00ee5f4bc77ddeda6638,84,2.823894675512122,0.03361779375609669
4931dfd62598c789b0f42096fdc1a114d799f10e,16,2.725102231023576,0.1703188894389735
a1153bed35b7bb805f56bfc82a5d913f74d3d0d7,56,2.0492446546049226,0.036593654546516474
72557bdf444427b5976baa84ae97662797653926,360,19.52473725035408,0.05423538125098355
6d8269f75b32e4430eb0a0079148eecae062031d,80,0.48912469776590006,0.006114058722073751
4b01b65e131aff87f070bcaefd41783716f10200,20,0.28489703182506293,0.014244851591253146
e1dc5a1965c95e3e6bcad42e9909cc35ca346930,32,5.938905969419253,0.18559081154435167
d35329918ef42be05beee8c8805e270f8ed86b5a,2,0.035690912036087125,0.017845456018043562
c4b5d92a6f18318809de1ee265d2958266631cc9,51,0.650180690832793,0.01274864099672143
d248814db10fbe4c7052a6de4ed6a69dbe7cc94d,7,1.603345373063723,0.2290493390091033
be089cad74fefdeeab28e512bd752c9410c1ba05,60,1.7336693716516556,0.028894489527527593
29ad9956e09a39e4256c0f13f52a85e626dd9e5a,238,52.88473370849878,0.2222047634810873
eff772d104cb6d28e49944dd51835f20db7fb66f,2,0.052441039084733465,0.026220519542366733
0643d6e1c5ed5b23ab843f7ae03e55fca143382d,86,1.0521279825199643,0.012234046308371677
fc5ecf5de40f985854ef6d736b1c20f2ecbeb185,6,0.11404999851212524,0.01900833308535421
c68a83122494706fc481793db8321e392503ebb5,527,64.43780302290192,0.12227287101119909
9d73b9e155f2372ba18987b2fb7239988e00351e,3060,65.48393712932574,0.02139997945402802
a5bb190e9b25cdc17e67eb0a8ad8ccacea40b93c,2,0.003929760266173059,0.0019648801330865297
8c135fad148206eb17349b19b16af451e33a754f,1,0.0,0.0
67a95045a5ba1d7918570c920f675bfbe4e92813,42,13.340432601204178,0.3176293476477185
c6ddda9667bdc7b176065bd868ab10d070262fd3,13318850,351765.1462695127,0.026411075000432674
0d4e591f680453ae00e47e8c3d2c6b05d7b54062,297,9.768053351019937,0.03288906852195265
2b164c377bf8b0fc245eb244a3ff96b0ea326304,504,7.077205353639341,0.014042074114363772
41cc5cd57bcb777a65b28cec9059ca5809f9c0ff,500,28.90188764835245,0.0578037752967049
5b13b6b3cfd103f41477d258b6e472fad8691b8b,16,0.09307978103674183,0.0058174863147963645
155a801531e7e48e024da2882a03ed22f28fe59b,1534,23.702674709380275,0.015451548050443464
7ab0bd6ebfab4de22f3a756892a18e99b181463a,27,0.12781755634067002,0.004733983568172963
692d75efa7f102cd6f4c839e9f89289d99158f20,40,0.8555104168459521,0.021387760421148802
08882553071c18888813e5f553c7e9b2b9674eb6,20,2.259269952717084,0.1129634976358542
f075169ccb0723e2d82bb469c089e12b5da1b7f6,28,0.15339997731193683,0.005478570618283459
6dfe7e1d1a0afec6ab9feed1a5bd38d4ee9cf01c,78,0.4108236879375642,0.0052669703581738996
019766f1ca348f64e392ad9f46cd93714c1c1176,1,0.0,0.0
cb0ad72cb19f1cc4fad8e66276e6cc887492fae2,35,6.8572971490919,0.19592277568834
b8468ebce35e3486cc2f23cae622d09d17df1514,16,1.318614158044114,0.08241338487775712
b0a66bbd6bcb0009d7c7c612c543a5fdc309fab8,3,0.0,0.0
fa1df506c94017d192dd8f72082cc95b60b5e8cd,47,0.5749220188654119,0.012232383380115147
b0dc41a8b8c0afc230945bfa3ea95e51ed28b4a3,27,0.13995229400410528,0.005183418296448344
19a210f69c4eb22ac0e3031435bc31c90d38db09,27,0.3554216657521134,0.013163765398226423
fa46812ffcb2f205c9b2d3fddd642b614354ae69,14,0.44146368584933116,0.03153312041780937
447a709ef784e170884e09129a31d081e7dd4c29,49,9.54745087763291,0.19484593627822266
ffb6c72d8045267a2db6d4daeae0b917347a9ccc,6100,55.72448912645915,0.009135162151878548
e499d9b9cf65ef327c151ff0645ce7ebb6657a1e,3,0.0,0.0
93cfb5ba58abd921eb4eb13db42ecc41913690f2,8,0.04733392926583006,0.005916741158228758
5e0f409717d12e571a7351937ed4eb55e68b8e19,244,1.7879660164427118,0.007327729575584884
db682b445f66fd96a74c47118c55b7e860ccc455,3,0.07793192502543252,0.025977308341810838
f69e367e6553a8d115377ccf503a85327b74f585,3,0.0,0.0
cc55efd34302dd3f5df55d3889530a777a59f08c,72,0.3675919331645314,0.005105443516174047
dd2a9139377d2bc8c5842fd51add9a24636ee4d7,572,55.839697974793474,0.0976218496062823
ad465781ea4f593796bd21654d1ff4737ab12266,77,3.0814203240626967,0.04001844576704801
db24fee2e23854f5f508260a6961de0bb8fe1bbd,1410,138.7936527042168,0.09843521468384171
15f3fb0669fd18fc95db810be5c8c6245f5e9339,104,4.455370244206534,0.042840098501985904
f97f2b2f326a293271fe0160ad746d624177de34,5,0.3257512341434238,0.06515024682868475
11cd23ede85f7ff90d6fcf99b87127b119bbf5db,2,0.0,0.0
6ba791e6ba0a8780b2d332ab6e080041263472d7,3,0.6746361633374367,0.2248787211124789
8cbaefe173f9c9f0695611f405732a60181fa6c6,76,2.2075521419109525,0.029046738709354637
02fa7e5ca2697a6b7cfd7442e61555b395f1b826,56,2.726659195222167,0.048690342771824414
74d4a2a82fa7431d0fb4242a964ee0d0de66ea23,231,19.564072082322518,0.08469295273732692
ec0e19ec52ac9fd44ca4bd0dfe904c9ebea73d02,570,16.718875279670765,0.029331360139773274
39cce2e0719c7b06edeeb4419d36130c6aeb9329,1890,29.516576167694303,0.015617236067563123
8ba636fba1ed6912dbbb417bc0339cacfaf84e19,12,3.8637582389780603,0.3219798532481717
555e73c16432fb5aaeeefa8c9f4758aaf8055ba0,909,18.45410540390668,0.02030154609890724
8c133042588285f22493f1abc54027b38383b081,5766,116.51150912531564,0.02020664396901069
83578be10ad19349510441cb05c3e1542a475d94,28,1.6115802754341606,0.05755643840836288
4de3c3e5ae9c3d77d02bc0ea3bd594fb01d5980c,2414,41.277148628423525,0.01709906736885813
fc63dadeb0b3c2984a99fec7f40c283730510cfc,225,40.92011139296697,0.18186716174651987
faee5b92b78cce23ec07b1d5dfd14b013de0d07e,19,0.163090100642213,0.008583689507484895
6e815e3d3ecb2739bd9128c0b34f5c5f4630c2c5,18,0.1187722278651994,0.006598457103622189
ee7ea7cd8a303a7456096ecde7b2daefbb3c893e,6,1.0,0.16666666666666666
4a0343f57255af896d579823bfc2428cda971805,2829,177.0673656495827,0.06259009036747357
541501cfb447c8278065775c7846b93b0fda16eb,340,4.389753288542803,0.01291103908394942
a86079afe7e5f497479e3307baa2363d9e4d5434,8,3.0033617557388492,0.37542021946735615
2fa836aaed496cab10025e3dc9a22391a3f8e2df,29606,1486.1940776120305,0.05019908388880735
a530193a90ae39551c4e7a16e6c8bee6d7e581cd,36,0.2163608469534503,0.0060100235264847306
a3e607e6eb40ea6a7412fe5c62d4005fbb4c4fc0,702,13.57138984883172,0.019332464172124957
af5416f326da27fc547b01a3182eef2b80fd007b,4250,84.53123791124683,0.01988970303794043
3351db95830b65c5ab817ea7074f85314df8ba69,18,1.317183256121133,0.07317684756228517
40ad7f9dc3b0d012991253c3d65f695c7de6c2d8,392,12.272742742661208,0.031308017200666345
2f2ab71c2e8189cc41d3ba37fd8bd5d328d54228,1144,130.32427684910908,0.1139198224205499
24418363867729329728af337a1f1dd7389d2307,3,0.41617759470237436,0.13872586490079145
b9ea493ac06ed22f513f1882a755b38271c73f81,2119,131.38768827414333,0.06200457209728331
bec180c36fd6237b585a4a6dbc25609207d042d5,12,0.24208513839945103,0.020173761533287586
f9690afba0a58f4b624514660efdbfed6c5ba60b,14,0.18922390432861116,0.013515993166329369
84f276a230283235fbeb768991aefc815af3fb93,54,12.798643235319682,0.2370119117651793
2df771bfccd65dd03fdd127a6ff9dfb2874bf487,14,0.06623606296477508,0.004731147354626791
e69f43e0719ef5ffcd702066ec762ba0753c04ae,7,0.09873227160381207,0.01410461022911601
f5fde8f9a6d5331e97265188ad3c1390703b2dda,32,1.661614039764596,0.051925438742643625
cad859b6f56802a5251385e90ac5804547effda1,780,12.956239585135986,0.016610563570687163
abb8df0a34cf026681802cc9c1db68e6b46d12e5,50,9.636760368844161,0.1927352073768832
7c49c8d2532a69339279c2c3bbc91246034e47e8,30,9.316393545927465,0.3105464515309155
6ac76acdfe73b3fc10987da67c70c3b75c8cfad1,25,0.7556087096228737,0.03022434838491495
92f11b712ce9910faf99757849eefe78e99bf9ce,450,13.694889782113103,0.030433088404695784
64ae27b4552858f87f5486be72bc8f95a289f2ed,2,0.0,0.0
2f4bc706a1f5670cb5bbcf821648b30f6f40f876,18,0.41447368025185183,0.023026315569547325
df179b2e21e993d74f940377b56ff8bed62c68cd,26,0.2832277976545749,0.010893376832868265
7e1753f291b00336c530a61fdc4b68c01b584dac,2556,97.16726787005847,0.0380153630164548
8f8d6483cd26015f2b330a2d89d47596b1ab5d20,9,0.09750475935244966,0.010833862150272185
f9d2377b0bc6da0c3ccbd09a8f09c0c586b26a39,84,0.5714879561282958,0.006803428049146379
24ddf8fc3807bc3d6ec6d1ecf21f43888b593ee1,66,2.757320033559191,0.04177757626604835
980278137ce08902643023a2ac01c72970c9fc93,99,1.333489677854097,0.01346959270559694
8726c8f6ce3915585969e80aad875b72e3164299,154,29.64038051683189,0.19247000335605124
ff813845743fb03cdb892e60e1894552395bea0f,1080,19.701404052001468,0.01824204078889025
9c58e9609596cea45a66e9df4b81a2191fa0c229,1,0.0,0.0
a6ab1d846f2468c4ac666107b5335dd7c997357b,247,50.57994239873836,0.20477709473173425
36497a217f2bf3b6460ae93ccb73724cd12a5920,28,0.39334243865314356,0.01404794423761227
d588448c4f46a5668de91034092f60507960f237,14,0.1402552455005724,0.010018231821469456
7db3d6cf3ce57daff5244198c9164f59d459fe0d,156,32.12671368177892,0.20594047231909562
172d9211c0df185e8e94036f9b143c8529b028da,100,3.0562578142827252,0.030562578142827253
2a3d6787c7d0dd598f3826850a21a557f5397b37,124,3.077084699610115,0.024815199190404154
1461a1414484b2d9f58d1390d6da278c40064666,135,0.5335717957323483,0.003952383672091469
d982beed4b4da5125785fb4d2095a05c162cec91,6,0.02225329910394879,0.0037088831839914654
f8a203c24bf89e7e626e6c1e34ab4a40b6126168,8,0.008996653704077475,0.0011245817130096844
10b56be8b673f2b7a1f516a6729096c8da06179a,540,6.579423626711276,0.012184117827243103
c5ee3aa33a8dc06b5237ecd71683027f4aa66f09,200,6.901449685151529,0.03450724842575764
b36d5c0645cc83c3fe244c008cc69b0558ce2c0e,12,0.468980023650355,0.039081668637529585
1726672cf4171e4ad79a8817be8fff6ee657b1a5,82,1.8163955384647468,0.02215116510322862
fdea9fd669f84ff9b2682115b703ac63b4518257,78,11.05322931160081,0.14170806809744627
25a5f359b184db8fe4edc1cd185e55c5b99abe39,7,0.0,0.0
6d708ed00ca7aa5f8239fe13ce3d1aba1e7ab94f,387,7.8640601684908855,0.020320568910829163
83ff42fd7927b3a656182a2b98aa3397db5cae23,30,0.4874236234263436,0.016247454114211454
3cbd0c852fbc5027b9ecfc47d232ff4cfc8b3dc1,45,4.362123297331575,0.096936073274035
562cb82109bc929af4fe60e60aa43266f5d29936,250,2.7066422562625667,0.010826569025050267
ec3719d76c314c0f81a48cd318a9eea90689c15b,60,2.643304856021354,0.044055080933689234
9f6950aeb43d12cd535bb5e33aa2b879eece5cd9,19,0.25198884568985175,0.013262570825781672
0e6854024d4185312c0fdca791ef17bdcedba6f9,6063,294.4777007945092,0.04856963562502213
76d93918ddcf0b5f2b872fb4af1d824be9fb8863,47,0.5655476635034574,0.01203292901071186
139b5c975179626deeb21b31aca3c34e8ca66803,5,0.0,0.0
150b157742ca6200c0b37aee3a3a24df0e13ee3c,25,1.9089791609921785,0.07635916643968714
0b6d98352e9d20c697c20051c7c8987f5cbba3d5,130,2.599236398873543,0.0199941261451811
394a6ee9f9f8fd75be070a5d545c7dea0cd6de39,99,5.0701083251586025,0.05121321540564245
e6de76bb816ffc08dc1f5c38dd81daa2c4b4535e,40,2.035525712018938,0.05088814280047345
fe502e2d4a011e3f569c6e26b4ca0ce3cd187e17,48,1.1891913924874185,0.024774820676821217
21859650ffb401f3d9dfc02ee70c5a3896868362,252,7.18559144751798,0.028514251775864998
539d297c9858005e1179d2863313e7e87338a872,304,49.40890089344246,0.16252927925474492
e3785590c1ec80d67508eba3a34a451168f7ca83,972,17.523369446563684,0.018028157866835065
a502b7b249a20488dca0341f927a32673b6be9be,28,0.56571000414732,0.020203928719547144
69710d3eaf9dd370c2d4ddecd95f67376f6d5e06,572,54.984746482908555,0.09612717916592405
2f0fb1e1d74d880acc05c0095e73395c3638889f,4,0.05045619572400903,0.012614048931002257
fec66002e50efb318b304f04aae40a99d2e61986,16,0.31245893818920706,0.01952868363682544
fd3cdc326de50ca541b1d766484a4758034c391c,2626,54.21385415839475,0.020645032048132048
eb11985876c0ea95fe3961f4b3b8a92e0b041db0,8,0.27174137730327014,0.03396767216290877
6488b417d8bff9dd63d470f93ec3d9e0e900db89,150,0.7302751942111372,0.004868501294740915
1cf5ba50dd83eef7a63bf7c530821ad31f7bfd0c,626,3.6702461730430858,0.00586301305597937
fb27f7480b06118300865276ce51cb71b542bbc4,7,0.8485893102964452,0.12122704432806361
aab4536278d8f4c4b4b66270a997d1399ed79d57,304,39.76797595575899,0.13081571038078615
b66ecca5d7dbc8ac42546b3b9b63d746a171a396,696,19.880915273246558,0.02856453343857264
03d8b4156bc2f7acc9aded8badf51448acfd6e60,82,2.455393543061323,0.029943823695869794
152183d48b74fcb373eb0d1d2f0d3e3650e07f3e,30,8.129495585755926,0.2709831861918642
c2fba8a6d4ce3f9d02750a68f8047597e0622f8a,2145,125.41452948250226,0.058468312113054664
acd8e56cc61bf342c7cf6a302cc9c343359c7769,1251,22.71963686942297,0.0181611805510975
aa9a3e51e2d9e266a93b5ba1d0ad4c19ad7b5cfd,60,3.8326659868906003,0.06387776644817668
67d4b78620c024ece82718d31c55fc9d4fabe373,160,24.755225192540305,0.15472015745337692
e3d11f03b7fdb67c46e51b4e40a968221deb6485,4,0.026532530587960495,0.006633132646990124
3a3f00e638540fb3ce923244dc2d514d7f862973,551,16.626650706646736,0.030175409630937813
fb331c7c91fadcb8936456f23224dd6928ec1601,12,0.2951990063572401,0.024599917196436675
c196129f803defd431005b90124364d87d71412d,800,13.894681783569153,0.01736835222946144
c6abf24e650f535904c5900b4f0f5c30e86d9c2c,8,0.0,0.0
46589024f5fffd139734c31783bb6c8e4cf7e271,126,3.870672655816292,0.030719624252510253
db4e4067a99eea0c5d5d1a86044e644384d5173c,44,0.9680992646571187,0.022002256014934517
b6bb0e3364bbf046321ba83957a20551afa45955,4365,72.26262110350207,0.016555010562085238
401ec28bbf9f6ecff3730c2e95929f6b6a746859,15,3.256547749024649,0.21710318326830993
8305355b32fdef6458a3843adb4a7d42e385c2e1,484,71.97531785637418,0.14870933441399622
d89a666e217166411642c3eb2b2ef9435b8ab1fd,16,0.25978515289997983,0.01623657205624874
d3feb9374069e6d930a38e5acf07018ff8ac7010,56,6.111027055498006,0.10912548313389296
98b3263363a0dd9b1fd290040346b0466fe3f185,62,2.0707333046480847,0.033398924268517496
29e2c872d7bf96fd0d3ee9dbfc29b10a3a681e70,276,3.7696317711803453,0.01365808612746502
c1b4198fec2ab8e537d4250aa6f7538b4989ce84,60,0.9466660287217037,0.015777767145361728
7fba5df0ec780717e2ee2b83d9ed367792a2de84,638,90.83937097003225,0.14238145920067752
71cbd7340033e69e9d8f947fd28f11a1c8fb6cd7,225,5.984468112107538,0.02659763605381128
6fb54fec23d8264903feab6ec74a111745b18a01,528,52.903311170722304,0.10019566509606496
4fda0201f731469955d9447ba430f26aa50bb80e,26,0.19025037052767804,0.007317321943372233
f5cf92fa76535a39236ba3ede38fbf0ea981910f,8,0.040033954101901664,0.005004244262737708
ed3dbe7485e040a5dfec9244e3868b9ba2c76033,700,14.440486436208591,0.020629266337440843
6da6f2281fba58d62d29a81334895f8ee09f9792,1200,45.25709568479335,0.037714246403994456
b958de7b34c415d1a7c2fc3098f5fbc63745679a,120,0.7492887584825897,0.006244072987354914
c8a573266ff828a36e9d2cac17093156d288205a,40,9.19678603530659,0.22991965088266472
83d7b718b8568bb9e8c6774e54b08bc38bbadd5f,15,0.0,0.0
05ac2715076d196d19fc9a3b93a69396759f69dd,16,0.8252159519322859,0.05157599699576787
491826946aa2823f0a7575c5877dc09a112cec78,16,0.0,0.0
eff085fe9b68f168e8c3276701ada135388b1c03,868,88.27081759836896,0.10169449032070157
4a22e228ef2a1d3bd737dd36359ca20e29ae9438,690,15.730195901326518,0.02279738536424133
1444173e6e35a2a34c28706901b306697877f23c,67,3.2222580239072935,0.048093403341899904
17fda371b746068753357a55017d400100cc1127,8,0.23764790988909662,0.029705988736137078
4bb3dc157ab7e907dd5baa97eb1fa80ea471cb53,3,1.0,0.3333333333333333
f072a98232f207f2812fc176bb5378d2177da12e,8,0.0,0.0
d84d1b81fe962589dc3ce934b666f1593e7b7a16,14,0.12236460277730929,0.008740328769807806
3b7c0bb72e48a7c0c8b5afe9db5de4870a303f48,378,12.741596729680312,0.03370792785629712
f1d41cbaa773c96d953141463be90d8e914aeec7,4,0.017666699407041173,0.004416674851760293
269eed4d8e05c2509dadfd6f89b20bc9ee1e40f7,42,1.7043602117312622,0.04058000504122053
2d8a79e8fcf1056ce6c0f50729f11e941ddf89c0,4,0.06394234481924105,0.015985586204810262
dace336b0da0687875d09aa2fc40e258490ae931,464,12.21338479559643,0.026321949990509547
9448638f5f9018ac7a006a2354578a4e607dba43,6003,177.2045010832111,0.029519323851942548
5530ae20417e78f547e8ca0ef992a55fae837bf5,157,1.0219812609361107,0.006509434783032553
2d6ea54f95a6ca83f27254d7a33325b9ad7abcd0,1,0.0,0.0
5fe6aa847e1a8b9090099ac4b94ef81409f302ee,6,0.3263235624580373,0.05438726040967288
65d4f1ff52ffa003736bb05328b51c1b1385a71e,42,0.6049808799798836,0.014404306666187704
74dd82a0856f3bc236c40967c3ed9b6921497ced,51,1.1647071411846206,0.022837394925188638
a0ff078e8465869541537988bf4c80993b11b351,172,0.4124427694669107,0.0023979230782959927
6a4a229cbecf8ed94fdde6f5efb0c3be6a13ce10,35,7.745184234548431,0.22129097812995518
d7b39faf74407f7b568192db893f5988adca2619,14184,137.53780280475746,0.00969668660496034
12795f6d304b209705bf2457a975934e8853d6da,40,1.543751045487117,0.038593776137177925
91d6e9f0160e30d93aea326948db5ac024739e2f,294,26.389361405726905,0.08975973267254049
d0450a23a432be87b3945d4b613d80fb7124e7eb,546,7.468805268974724,0.013679130529257736
66fedd82dd7c8f707d81a489526dfe981001b2eb,49,3.8910155117850413,0.07940847983234778
3a16fe92d05465c1dd4861d430a9969b6477953e,5,0.8728289179816762,0.17456578359633523
99ca885c12946065b518f8232a636aa606f9c004,528,66.12856290995941,0.12524349035977161
386ed2263f2204710cf5cd54f4a31b7f1aaed3ff,4,2.0,0.5
a5324f4086176f54dccf5df1864bcd1b458a851d,182,3.7834473097813732,0.02078817203176579
f327eecf995aef52491a6216038b249fe08b0eb8,14,0.15232545814840123,0.010880389867742946
a47342eb3b71243dc3559d1f19cc789a09b9eb22,19,0.06763877604842385,0.0035599355814959917
94c5f6e420bf362035f082816ed535525ad07f7e,182,27.282257527881555,0.1499025138894591
5114751c5de91c802d69a5171f2f7d9c5676931c,14042,1123.466399529728,0.08000757723470503
3ad911c5ee9340ffae833f339911cf295b9f4d11,70,8.582708904291302,0.12261012720416145
ac47967a169047dad747bb7fc53addb41823a3b8,99,1.0644562873174497,0.01075208371027727
7c02d8cda6383385d306674b0d6a64137b4f97eb,147,1.3309182436151337,0.009053865602824038
d56068c661fb474f8a7b8ba589d036b8a7fab5f8,35,6.720223782473873,0.1920063937849678
3bd912edcc9f910363cc6e2ee8a626e5d4e336d3,1,0.0,0.0
5ee276d9bc0a37af712ff639a6ccdf1a87f53c3c,6,0.47849012191341356,0.07974835365223559
7de7072d09fea20047bb549afceebe7641d912fb,114,0.11622298162389436,0.0010194998388060909
5ab2c95795a8d49725b31f0600baa30812d9b62b,40,2.441021426600005,0.06102553566500013
3478c389e1a9dcc210f7d821eabe8e05909b8808,72,21.133306138454305,0.29351814081186534
3ec3309faa307b2dcf03ea7510d43a0a6fcc9af1,27,4.577675864284066,0.16954355052903947
6571e4f198b960ed76c20a4c6920bb43d9bff620,10,0.5143527161394694,0.05143527161394694
b08480b88f4fe8bb52baba99583f9943ef87af0a,224,5.465368136512916,0.02439896489514695
bf25fe22f7a2a8c505a21d70eb326bccfb2ffa60,126,1.8619564004552096,0.01477743174964452
92e93b5bb70fb3d004988749f4ebba18bfa52a2f,156,5.398122109364367,0.03460334685489979
4e8a06ecb26b7300ea2c4c55c42360c039288425,17,0.06256865865924151,0.0036805093328965595
91edb244f2cb4bf1aa2c792d629753f060ac5a9e,1791,70.9171019744606,0.03959637184503663
7fe5515c0368c3c6a8ae07f88df53049b670c368,24,1.7424417051996475,0.07260173771665197
2aff049506a20e7d2c576bb6736c4c3937f0c04e,270,8.389913623589681,0.031073754161443264
5297f02c5fe9472e835542efc2f870fee1cc5459,60,3.157134232053782,0.05261890386756304
f1532e95556f9af5008542fda458adf6cec5b731,28,0.07710550780685613,0.0027537681359591473
a3862aebda14cab62e2e21ef677b7f6fceff248d,5,0.0,0.0
e454397f20fd0ea0bdcb7d7682f34daaa0094721,180,10.026534968775964,0.05570297204875536
f795a3a22dddcbb02a475e385008a255f451e8fa,110,22.617877137400946,0.20561706488546314
6d650b3f4551fc08d903acbec1e8f710431793f3,35,0.0,0.0
868ce83ec5bc5c1c90347701bc81eeaa433d729c,16,1.318614158044114,0.08241338487775712
7e08dff8016a01c8c9314325dad3da09662c2363,41,0.8584570312456156,0.02093797637184428
b6e9699eef5444c02d6e86a01308245b793ce85c,3360,33.18280940661365,0.009875836132920729
5aba6a2edc7bf7a05c1b35179a82f4975cc72ce8,1,0.0,0.0
2f1006f35bb711c5e20ed9bdd8705dbc026fe304,301,11.354283047564717,0.037721870589916
29fb582d5b60139be0b5b1db225bd7026ab4511c,2556,96.77259928281389,0.037860954335999175
31246e2cd3356b224e5a5404ec0476f97241235b,1155,17.653785115508168,0.015284662437669409
5191b74cba6fa594b6505b495a2b420c6a5b1a06,6,0.0,0.0
0d12ea4e1bc0ffa370921e479df76dd77cb1d0af,24,0.789692688262958,0.03290386201095658
0208ef7f7ab91baedbae5425068bc6c394e0d3ff,240,27.218850487181122,0.11341187702992134
aa22321b65e60c7fc3bbb7846e9e9d1cb4945952,15,0.40310488426398766,0.02687365895093251
632d15d660a1666e78f46cbb7d8e3d739ed04f97,1554,126.18255946839432,0.08119855821646996
b46c327160606861c416b46ed13f4e4deab443b7,221,34.41593549094199,0.15572821489114022
e58bf7b687374eac17ba3ecd1c9071f1c76fdfff,100,0.898507870796673,0.008985078707966731
fe77d091619ee1c9e9ef53e5aed4c2db637e724c,280,3.4245519277934857,0.01223054259926245
3c676a7d70eed39d05df0bc15afeccb937ce8d1a,63,17.31043931128391,0.2747688779568875
b43c38d6380793f498fb58b527b96799c78ff7b6,81,2.065242962847542,0.025496826701821507
7a2f364af32f0fac5a82c159358c71f704bd8aee,180,6.342951241855691,0.0352386180103094
57adb194fca18869c7c42d9f8df0a2208b371dcd,4150,48.46504189884121,0.011678323349118364
aaf1f28417b5c95115341e60017be2c74a9c3759,878,16.679451287992045,0.018997097138943105
19499f51ee049d31bb5cfc8ce6687c887c087de7,452,8.188640572815109,0.018116461444281213
4525cc8b7095c395e1e4d936c59033aeed1f0940,1675,16.077700440581452,0.009598627128705345
efa26faeea8d55c55ab14c3aa43ed4addd29633b,3,0.009632445304979196,0.003210815101659732
7993e58d496de890172ff8312809712dd5b11a24,420,51.83474645949238,0.12341606299879138
a2ba044679ff0ef81980d69b20acc6546335e610,12,3.331781666840525,0.2776484722367104
6622f99b8d2254043e4e741752c6a889b076332b,4,1.0,0.25
51824ed10c4b367d8923de51ef7b55d7a8274ae5,17420,4059.089741883836,0.23301318839746474
aecd9aeed7f0d636d4581fe4ec933cd5e08778e8,112,2.650663298605315,0.023666636594690312
1c917c0fc403287419448efb5d5c0c4dbdccd61a,42,0.47462204503725874,0.011300524881839493
89ec24f83ac55a449f703489690945dd84989c7c,42,0.6567085505251604,0.015635917869646677
3d91aedd0a72436bd19991079629656729726b90,26,3.099302493776396,0.11920394206832292
fe93ff25bcb93e633e56979e92821893a109ead5,65,2.8658430570384197,0.04408989318520646
2f1ea77ff635a80252ec6dde4301588e823a3843,10,0.1641012292210347,0.01641012292210347
0c72d2eb31e370bfed70df58c81d6aecc7166a06,15,5.542450966382422,0.36949673109216147
b70894333c6d173258a070242935f7babfc2f7a8,713,185.68372016281236,0.26042597498290654
f96e3657ca3f4b91c9cf34b58207c795596c58f3,11,0.0,0.0
deeb7a2b075e3aa4198dca16622993247981a3c3,2,0.014790859285199213,0.007395429642599607
16627aad79e38e13351914f3ead9cadecfe1e250,42,1.0944427691425027,0.026058161170059588
87a798ae9528dee4e9bc7abda711df546c3b0ca9,306152,8228.619144328015,0.026877561290888235
79d5f8b41e8c34be64c5b72bc6601215f129d0f1,713,185.68372016281236,0.26042597498290654
900d28e829d553280c58d4abc8d9df23c892e18b,22,1.7181392962705575,0.07809724073957079
a429d58729acd16eea7ae05ee3ca073d2a38276f,10,0.712555943699412,0.0712555943699412
2da1c9d3425bc4ac1d8544bf09b6992eec7af8bb,24,1.1216102370856031,0.046733759878566795
d05f6350e52d728cba8dcca4aa96e0cadcfec87b,20,0.12156722398722415,0.006078361199361207
7b9f3d6fdd35e7d505f3170f62191cb73aec567e,115,5.136538086160883,0.04466554857531203
2571d6e48bf756241d21c8de499c88620ac4131a,360,12.955000460039143,0.03598611238899762
7cbaf3b87814db66eb4b5c1695ac031b7793449c,5,0.0,0.0
f33dcddbf3aa9863b3855644bacae0e278351d12,5,0.007241842436401925,0.001448368487280385
be4b504db39e9ec36b98a468f4b1a6633e440b44,14042,1112.6536189732208,0.07923754586050569
ef999c6b4d223ab426a0d51869965211dc803b0a,651,8.435143503725962,0.0129572096831428
31ca63210433c66d1d941bf0b5cf9c9895f15038,16,0.9844861879322466,0.061530386745765414
0fc9eb89bd0424b46c1f34ae9965c2d39141c356,34,0.0799879014357538,0.0023525853363457
8efca053d65f3521a6d40524f9dee6d49d8477da,195,30.573114047906394,0.15678520024567383
0c224ad8c5bbf29b249d493345d9dd96680bfdad,55,1.1674732066343536,0.021226785575170066
8a899618a0772b097714579042f58d5c23302b9d,17,0.12041527240320281,0.007083251317835459
e6859dd7262b2e0dd9af47e22cbc41905464b012,24,5.667576519708196,0.23614902165450816
1fbb1a89e4f3633c2c1d5a59ee21b9318d7324fc,72,2.7741125062910936,0.038529340365154076
4f34d493c158d171927d9aaa5bb92584c385594a,154,27.407825225242025,0.17797289107300016
c918a306fc4dd3f403c047abe8321e645e440de7,805,34.01717364163922,0.042257358561042506
4327e405eb3185ea10f8e7ffda7cf95b6a941410,14,0.11150326747636345,0.007964519105454532
70083fa393cef91c2a802d8b4ba94669fd9bd92d,21,0.6014485207762467,0.02864040575124984
183572a9d330810dacabc9c729d8f666a6a67a93,22,0.4591023689602219,0.020868289498191903
19ffdb4ab8ee281655ef9e597061e9af8a1006e9,35989,364.5092735403798,0.01012835237267998
3cd645e4c550865f625834f1fe3e9e70a5a4e42c,608,14.649976724948328,0.024095356455507116
ce1e8cc25ff991129033ceb90f23cb0e22298ded,20,2.385608081336788,0.1192804040668394
b73a9b3c56d9c0068fdd563c13b0b0eb61377426,528,66.17534096750289,0.12533208516572517
cc60085bd18eab480c811209d0c5ad9a73f972a5,143,1.5429749680817806,0.010790034741830634
77ebb29fb7557fd9236dd73aea76e168bfe51d27,14,0.06623606296477508,0.004731147354626791
5957a162234d2b4a6c0736587ed305c5f7bf0e8d,45,2.8301562208480844,0.06289236046329076
3633d126d4943e2e023ba02eab10b8a628552b4b,132,2.3681404658948284,0.01794045807496082
cad7e4320a214998300818864a08c48d999bad5f,462,64.2171941465815,0.1389982557285314
aff85c3030332744a51fa65d5612830b9a8684ae,1001,61.14899718025639,0.061087909270985404
38d163e6ee0288bff4b086b7d29f4d786d51792f,5,0.06234403292864356,0.012468806585728711
1ddeece1cd3c024266adb72866c6d0a847275ac8,84,3.0652266632200824,0.03649079360976289
f7d11a9d1c79fe8a7b40d50bce00b2943313c03f,156,31.9323660023235,0.2046946538610481
6d44ef97a110945050c7d229298ce6ecb8c73bbb,714,11.033055584358545,0.01545245880162261
54db3487b099311c2ab1d342e7d833b52cbb4a6b,35,1.1009224458951787,0.031454927025576535
be4d73d7c38d9d49eec21199598c7897d2359563,1863,18.59331193271338,0.009980306995552002
b7dfbc0a93d9a7135a1bbb1cc32fd715b2091eae,30,0.5710390347856087,0.019034634492853624
2ccd7cf22e0780f98b75291b4f9342dd225eea5a,60,0.031428157911839436,5.238026318639906E-4
f0eba13df8159ef20ee5daf5962cd16281d029d8,28,1.6115802754341606,0.05755643840836288
e60b8b0a423ac354c0432fcd59d4ab8837644c53,624,60.349018013536266,0.0967131698934876
49564527f34894de0e526438086d41eefc8390b7,17,0.8260871993006239,0.04859336466474258
88adc23af5e29034229393c32878ffc5c4a773c0,2,0.0,0.0
212ec883a4f08e75a78bf3d76b135dc1b3f59b0f,324,54.51513199626517,0.1682565802353863
e4e488b03e2019b34b9da85c235f44f78e0b87c3,26,0.12515585146245728,0.004813686594709895
ec3bdaccffced7f5e14ed35d5c59340c2bd34f7c,513,12.194476682411347,0.02377090971230282
c1ee9ec8708f71cc3b0744542dd79bd673c92e9a,7,1.2267510615503618,0.1752501516500517
ee85b4b201211a660884560b3665fbb36e20c556,6,0.0,0.0
eec1ab34e5f9e2982336316b7a5e0e0e7e82d5f4,3,0.07215491298271683,0.02405163766090561
3888a423064bebc5bbd5d973dc3ad0087c66b427,452,7.620105857331952,0.01685864127728308
03b3eb7e947a8cea70421fcc64c5abe2728865f5,14,1.604022624773084,0.11457304462664886
cb8ea6e4a88cd2ee57ae69f13d2eded444c92f16,3888,82.41412148660027,0.021197047707458914
24fce71385183665f3aaea876df00c1f37f17634,5,0.012137449292808905,0.0024274898585617813
a38720b0334c9038d6c3ccb9ceb1f0b3651f82aa,8,0.09940820681651107,0.012426025852063883
3403ba1c5d9fc562f5c38cc02388e7934bd967c1,102,3.4579850487891215,0.03390181420381492
72852915a32a567c2adf3b991e5ef1d4d2eb0c5f,72,1.297748059395656,0.018024278602717447
18f840a29f637c5e14903dbe3c7ba8ea5438f9d6,2735,12.268601815842663,0.00448577762919293
f6b040d6d6a0c13655e085114d6a84d27833564d,864,89.02301205005396,0.10303589357645135
f7b23272d61fafad4ce634fead41862c235cfde9,195,29.747610612030726,0.15255184929246526
2254bcfeb5920a1ea08986c5aaae1b82e2fd40a7,240,51.59821552556072,0.21499256468983632
2680ce36dceb49d439f62f73f09ce8ce06cc9518,583,11.076069681158307,0.018998404255846153
8114a0282d47d7862a49768134847cdbc99724f6,200,12.91693279353497,0.06458466396767486
ea6750dade5d3d5ffbf4138643bbf4a55f03eed9,24,4.4072706777706845,0.18363627824044518
8137e89f986c441089ad0974032e9622507592d5,51,0.8279873395954855,0.016235045874421285
045049f156c2d69f1a4c5b4df8f375739fa46382,196,36.14451430323155,0.18441078726138546
06d0d4725ee1a79d7a826758073d06bd8db57498,376,16.762055105276872,0.04457993379062998
